1 66404
2 81376
3 81376
4 81376
5 81376
6 81376
7 81376
8 81376
9 81376
10 81376
11 81376
12 81376
13 81376
14 81376
15 81376
16 81376
17 81376
18 81376
19 81376
20 81376
21 81376
22 81376
23 81376
24 81376
25 81376
26 81376
27 81376
28 81376
29 81376
30 81376
31 81376
32 89568
33 91616
34 93656
35 93656
36 93656
37 93656
38 93656
39 93656
40 93656
41 94680
42 97752
43 97752
44 98776
45 100824
46 102872
47 102872
48 102872
49 103896
50 103896
51 103896
52 103896
53 103896
54 107436
55 105916
56 109956
57 109956
58 110980
59 110980
60 112004
61 112004
62 112004
63 114024
64 114144
65 114144
66 114144
67 114144
68 114144
69 114144
70 114144
71 114144
72 115168
73 115296
74 115296
75 119392
76 121368
77 127844
78 132832
79 132832
80 133856
81 134872
82 134872
83 134872
84 134872
85 134872
86 134872
87 134872
88 135896
89 136920
90 137944
91 137944
92 137944
93 137944
94 137944
95 137944
96 137944
97 137944
98 137944
99 146136
100 146136
101 147160
102 147160
103 147160
104 147160
105 147160
106 147160
107 147160
108 147160
109 147160
110 147160
111 148184
112 156376
113 156376
114 156376
115 156376
116 165584
117 165584
118 165584
119 165584
120 165584
121 165584
122 165584
123 165584
124 165584
125 165584
126 165584
127 165584
128 165584
129 165584
130 165584
131 165584
132 165584
133 166608
134 166608
135 166608
136 166608
137 167632
138 168656
139 169680
140 170720
141 170720
142 170720
143 170720
144 170720
145 170720
146 170720
147 170720
148 170720
149 171760
150 172784
151 172784
152 173808
153 173808
154 173808
155 173808
156 173808
157 174832
158 177928
159 181000
160 182024
161 182024
162 182024
163 182024
164 182024
165 182024
166 185096
167 188168
168 190216
169 193288
170 193288
171 193288
172 194312
173 194312
174 194312
175 194312
176 194312
177 194312
178 194312
179 196352
180 196352
181 196608
182 200704
183 209664
184 209664
185 209664
186 209664
187 209664
188 209664
189 209664
190 209664
191 210688
192 210688
193 210688
194 210688
195 210688
196 210688
197 210688
198 210688
199 210688
200 211704
201 211704
202 211704
203 211704
204 211704
205 212728
206 212728
207 212728
208 212728
209 212728
210 212848
211 212848
212 212848
213 221040
214 221040
215 221040
216 221040
217 221040
218 222064
219 222064
220 222064
221 222064
222 222064
223 222064
224 222064
225 222064
226 222064
227 222064
228 223088
229 223088
230 223088
231 223088
232 223088
233 223088
234 223088
235 223088
236 219248
237 219248
238 219248
239 219248
240 219248
241 219248
242 219248
243 219248
244 219248
245 219248
246 219248
247 219248
248 219248
249 219248
250 219248
251 219248
252 219248
253 219248
254 219248
255 219248
256 219248
257 219248
258 219248
259 219248
260 219248
261 219248
262 219248
263 219248
264 219248
265 219248
266 219248
267 219248
268 219248
269 219248
270 219248
271 219248
272 219248
273 219248
274 219248
275 219248
276 219248
277 219248
278 219248
279 219248
280 219248
281 219248
282 219248
283 219248
284 219248
285 219248
286 219248
287 219248
288 219248
289 219248
290 219248
291 219248
292 219248
293 219248
294 219248
295 219248
296 219248
297 219248
298 219248
299 219248
300 219248
301 219248
302 219248
303 219248
304 219248
305 219248
306 219248
307 219248
308 219248
309 219248
310 219248
311 219248
312 219248
313 219248
314 219248
315 219248
316 219248
317 219248
318 219248
319 219248
320 219248
321 219248
322 219248
323 219248
324 219248
325 219248
326 219248
327 219248
328 219248
329 219248
330 219248
331 219248
332 219248
333 219248
334 219248
335 219248
336 219248
337 219248
338 219248
339 219248
340 219248
341 219248
342 219248
343 219248
344 219248
345 219248
346 219248
347 219248
348 219248
349 219248
350 219248
351 219248
352 219248
353 219248
354 219248
355 219248
356 219248
357 219248
358 219248
359 219248
360 219248
361 219248
362 219248
363 219248
364 219248
365 219248
366 219248
367 219248
368 219248
369 219248
370 219248
371 219248
372 219248
373 219248
374 219248
375 219248
376 219248
377 219248
378 219248
379 219248
380 219248
381 219248
382 219248
383 219248
384 219248
385 219248
386 219248
387 219248
388 219248
389 219248
390 219248
391 219248
392 219248
393 219248
394 219248
395 219248
396 219248
397 219248
398 219248
399 219248
400 219248
401 219248
402 219248
403 219248
404 219248
405 219248
406 219248
407 219248
408 219248
409 219248
410 219248
411 219248
412 219248
413 219248
414 219248
415 219248
416 219248
417 219248
418 219248
419 219248
420 219248
421 219248
422 219248
423 219248
424 219248
425 219248
426 219248
427 219248
428 219248
429 219248
430 219248
431 219248
432 219248
433 219248
434 219248
435 219248
436 219248
437 219248
438 219248
439 219248
440 219248
441 219248
442 219248
443 219248
444 219248
445 219248
446 219248
447 219248
448 219248
449 219248
450 219248
451 219248
452 219248
453 219248
454 219248
455 219248
456 219248
457 219248
458 219248
459 219248
460 219248
461 219248
462 219248
463 219248
464 219248
465 219248
466 219248
467 219248
468 219248
469 219248
470 219248
471 219248
472 219248
473 219248
474 219248
475 219248
476 219248
477 219248
478 219248
479 219248
480 219248
481 219248
482 219248
483 219248
484 219248
485 219248
486 219248
487 219248
488 219248
489 219248
490 219248
491 219248
492 219248
493 219248
494 219248
495 219248
496 219248
497 219248
498 219248
499 219248
500 219248
501 219248
502 219248
503 219248
504 219248
505 219248
506 219248
507 219248
508 219248
509 219248
510 219248
511 219248
512 219248
513 219248
514 219248
515 219248
516 219248
517 219248
518 219248
519 219248
520 219248
521 219248
522 219248
523 219248
524 219248
525 219248
526 219248
527 219248
528 219248
529 219248
530 219248
531 219248
532 219248
533 219248
534 219248
535 219248
536 219248
537 219248
538 219248
539 219248
540 219248
541 219248
542 219248
543 219248
544 219248
545 219248
546 219248
547 219248
548 219248
549 219248
550 219248
551 219248
552 219248
553 219248
554 219248
555 219248
556 219248
557 219248
558 219248
559 219248
560 219248
561 219248
562 219248
563 219248
564 219248
565 219248
566 219248
567 219248
568 219248
569 219248
570 219248
571 219248
572 219248
573 219248
574 219248
575 219248
576 219248
577 219248
578 219248
579 219248
580 219248
581 219248
582 219248
583 219248
584 219248
585 219248
586 219248
587 219248
588 219248
589 219248
590 219248
591 219248
592 219248
593 219248
594 219248
595 219248
596 219248
597 219248
598 219248
599 219248
600 219248
601 219248
602 219248
603 219248
604 219248
605 219248
606 219248
607 219248
608 219248
609 219248
610 219248
611 219248
612 219248
613 219248
614 219248
615 219248
616 219248
617 219248
618 219248
619 219248
620 219248
621 219248
622 219248
623 219248
624 219248
625 219248
626 219248
627 219248
628 219248
629 219248
630 219248
631 219248
632 219248
633 219248
634 219248
635 219248
636 219248
637 219248
638 219248
639 219248
640 219248
641 219248
642 219248
643 219248
644 219248
645 219248
646 219248
647 219248
648 219248
649 219248
650 219248
651 219248
652 219248
653 219248
654 219248
655 219248
656 219248
657 219248
658 219248
659 219248
660 219248
661 219248
662 219248
663 219248
664 219248
665 219248
666 219248
667 219248
668 219248
669 219248
670 219248
671 219248
672 219248
673 219248
674 219248
675 219248
676 219248
677 219248
678 219248
679 219248
680 219248
681 219248
682 219248
683 219248
684 219248
685 219248
686 219248
687 219248
688 219248
689 219248
690 219248
691 219248
692 219248
693 219248
694 219248
695 219248
696 219248
697 219248
698 219248
699 219248
700 219248
701 219248
702 219248
703 219248
704 219248
705 219248
706 219248
707 219248
708 219248
709 219248
710 219248
711 219248
712 219248
713 219248
714 219248
715 219248
716 219248
717 219248
718 219248
719 219248
720 219248
721 219248
722 219248
723 219248
724 219248
725 219248
726 219248
727 219248
728 219248
729 219248
730 219248
731 219248
732 219248
733 219248
734 219248
735 219248
736 219248
737 219248
738 219248
739 219248
740 219248
741 219248
742 219248
743 219248
744 219248
745 219248
746 219248
747 219248
748 219248
749 219248
750 219248
751 219248
752 219248
753 219248
754 219248
755 219248
756 219248
757 219248
758 219248
759 219248
760 219248
761 219248
762 219248
763 219248
764 219248
765 219248
766 219248
767 219248
768 219248
769 219248
770 219248
771 219248
772 219248
773 219248
774 219248
775 219248
776 219248
777 219248
778 219248
779 219248
780 219248
781 219248
782 219248
783 219248
784 219248
785 219248
786 219248
787 219248
788 219248
789 219248
790 219248
791 219248
792 219248
793 219248
794 219248
795 219248
796 219248
797 219248
798 219248
799 219248
800 219248
801 219248
802 219248
803 219248
804 219248
805 219248
806 219248
807 219248
808 219248
809 219248
810 219248
811 219248
812 219248
813 219248
814 219248
815 219248
816 219248
817 219248
818 219248
819 219248
820 219248
821 219248
822 219248
823 219248
824 219248
825 219248
826 219248
827 219248
828 219248
829 219248
830 219248
831 219248
832 219248
833 219248
834 219248
835 219248
836 219248
837 219248
838 219248
839 219248
840 219248
841 219248
842 219248
843 219248
844 219248
845 219248
846 219248
847 219248
848 219248
849 219248
850 219248
851 219248
852 219248
853 219248
854 219248
855 219248
856 219248
857 219248
858 219248
859 219248
860 219248
861 219248
862 219248
863 219248
864 219248
865 219248
866 219248
867 219248
868 219248
869 219248
870 219248
871 219248
872 219248
873 219248
874 219248
875 219248
876 219248
877 219248
878 219248
879 219248
880 219248
881 219248
882 219248
883 219248
884 219248
885 219248
886 219248
887 219248
888 219248
889 219248
890 219248
891 219248
892 219248
893 219248
894 219248
895 219248
896 219248
897 219248
898 219248
899 219248
900 219248
901 219248
902 219248
903 219248
904 219248
905 219248
906 219248
907 219248
908 219248
909 219248
910 219248
911 219248
912 219248
913 219248
914 219248
915 219248
916 219248
917 219248
918 219248
919 219248
920 219248
921 219248
922 219248
923 219248
924 219248
925 219248
926 219248
927 219248
928 219248
929 219248
930 219248
931 219248
932 219248
933 219248
934 219248
935 219248
936 219248
937 219248
938 219248
939 219248
940 219248
941 219248
942 219248
943 219248
944 219248
945 219248
946 219248
947 219248
948 219248
949 219248
950 219248
951 219248
952 219248
953 219248
954 219248
955 219248
956 219248
957 219248
958 219248
959 219248
960 219248
961 219248
962 219248
963 219248
964 219248
965 219248
966 219248
967 219248
968 219248
969 219248
970 219248
971 219248
972 219248
973 219248
974 219248
975 219248
976 219248
977 219248
978 219248
979 219248
980 219248
981 219248
982 219248
983 219248
984 219248
985 219248
986 219248
987 219248
988 219248
989 219248
990 219248
991 219248
992 219248
993 219248
994 219248
995 219248
996 219248
997 219248
998 219248
999 219248
1000 219248
1001 219248
1002 219248
1003 219248
1004 219248
1005 219248
1006 219248
1007 219248
1008 219248
1009 219248
1010 219248
1011 219248
1012 219248
1013 219248
1014 219248
