1 80320
2 80320
3 80320
4 80320
5 80320
6 80320
7 80320
8 80320
9 80320
10 80320
11 80320
12 80320
13 80320
14 80320
15 80320
16 80320
17 80320
18 80320
19 80320
20 80320
21 80320
22 80320
23 80320
24 80320
25 80320
26 80320
27 80320
28 80320
29 80320
30 80320
31 80320
32 80320
33 80320
34 80320
35 80320
36 80320
37 80320
38 80320
39 80320
40 80320
41 80320
42 80320
43 80320
44 80320
45 80320
46 80320
47 80320
48 80320
49 80320
50 80320
51 80320
52 80320
53 80320
54 80320
55 80320
56 80320
57 80320
58 80320
59 80320
60 80320
61 80320
62 80320
63 80320
64 80320
65 80320
66 80320
67 80320
68 80320
69 80320
70 80320
71 80320
72 80320
73 80320
74 80320
75 80320
76 80320
77 80320
78 80320
79 80320
80 80320
81 80320
82 80320
83 80320
84 80320
85 80320
86 80320
87 80320
88 80320
89 80320
90 80320
91 80320
92 80320
93 80320
94 80320
95 80320
96 80320
97 80320
98 80320
99 80320
100 80320
101 80320
102 80320
103 80320
104 80320
105 80320
106 80320
107 80320
108 80320
109 80320
110 80320
111 80320
112 80320
113 80320
114 80320
115 80320
116 80320
117 80320
118 80320
119 80320
120 80320
121 80320
122 80320
123 80320
124 80320
125 80320
126 80320
127 80320
128 80320
129 80320
130 80320
131 80320
132 80320
133 80320
134 80320
135 80320
136 80320
137 80320
138 80320
139 80320
140 80320
141 80320
142 80320
143 80320
144 80320
145 80320
146 80320
147 80320
148 80320
149 80320
150 80320
151 80320
152 80320
153 80320
154 80320
155 80320
156 80320
157 80320
158 80320
159 80320
160 80320
161 80320
162 80320
163 80320
164 80320
165 80320
166 80320
167 80320
168 80320
169 80320
170 80320
171 80320
172 80320
173 80320
174 80320
175 80320
176 80320
177 80320
178 80320
179 80320
180 80320
181 80320
182 80320
183 80320
184 80320
185 80320
186 80320
187 80320
188 80320
189 80320
190 80320
191 80320
192 80320
193 80320
194 80320
195 80320
196 80320
197 80320
198 80320
199 80320
200 80320
201 80320
202 93604
203 97664
204 98688
205 98688
206 98688
207 98688
208 99712
209 99712
210 99712
211 99712
212 99712
213 99712
214 100736
215 102784
216 103808
217 103808
218 103808
219 103808
220 103808
221 103808
222 103928
223 103928
224 103928
225 107000
226 115192
227 115192
228 115192
229 115192
230 118296
231 120344
232 122392
233 124440
234 125464
235 126488
236 126488
237 127512
238 127512
239 127512
240 143896
241 143896
242 144920
243 144920
244 144920
245 144920
246 144920
247 146064
248 146064
249 147088
250 147088
251 147088
252 147088
253 147088
254 147088
255 147088
256 147088
257 147088
258 147088
259 147088
260 147088
261 148112
262 148112
263 148112
264 148112
265 148112
266 148112
267 148112
268 151156
269 159348
270 159348
271 159348
272 160364
273 160364
274 160364
275 160364
276 160364
277 160364
278 160364
279 160364
280 160364
281 160364
282 160364
283 160364
284 165484
285 165484
286 165484
287 165484
288 165484
289 165484
290 165484
291 165484
292 165484
293 165484
294 165484
295 165484
296 165484
297 165484
298 165484
299 165484
300 165484
301 165484
302 165484
303 165484
304 166508
305 166508
306 166508
307 166508
308 166508
309 166508
310 166508
311 166508
312 166508
313 166508
314 166508
315 166508
316 166628
317 166628
318 166628
319 166628
320 166628
321 166628
322 166628
323 166628
324 166628
325 166628
326 166628
327 166628
328 166628
329 166628
330 166628
331 166628
332 166628
333 166628
334 166628
335 166628
336 166628
337 166628
338 166628
339 166628
340 166628
341 166628
342 166628
343 166628
344 166628
345 166628
346 166628
347 166628
348 166628
349 166628
350 166628
351 166628
352 166628
353 166628
354 166628
355 166628
356 166628
357 166628
358 166628
359 166628
360 166628
361 166628
362 166628
363 166628
364 166628
365 166628
366 166628
367 166628
368 166628
369 166628
370 166628
371 166628
372 166628
373 166628
374 166628
375 166628
376 166628
377 166628
378 166628
379 166628
380 166628
381 166628
382 166628
383 166628
384 166628
385 166628
386 166628
387 166628
388 166628
389 166628
390 166628
391 166628
392 166628
393 166628
394 166628
395 166628
396 166628
397 166628
398 166628
399 166628
400 166628
401 166628
402 166628
403 166628
404 166628
405 166628
406 166628
407 166628
408 166628
409 166628
410 166628
411 166628
412 166628
413 166628
414 166628
415 166628
416 166628
417 166628
418 166628
419 166628
420 166628
421 166628
422 166628
423 166628
424 166628
425 166628
426 166628
427 166628
428 166628
429 166628
430 166628
431 166628
432 166628
433 166628
434 166628
435 166628
436 166628
437 166628
438 166628
439 166628
440 166628
441 166628
442 166628
443 166628
444 166628
445 166628
446 166628
447 166628
448 166628
449 166628
450 166628
451 166628
452 166628
453 166628
454 166628
455 166628
456 166628
457 166628
458 166628
459 166628
460 166628
461 166628
462 166628
463 166628
464 166628
465 166628
466 166628
467 166628
468 166628
469 166628
470 166628
471 166628
472 166628
473 166628
474 166628
475 166628
476 166628
477 166628
478 166628
479 166628
480 166628
481 166628
482 166628
483 166628
484 166628
485 166628
486 166628
487 166628
488 166628
489 166628
490 166628
491 166628
492 166628
493 166628
494 166628
495 166628
496 166628
497 166628
498 166628
499 166628
500 166628
501 166628
502 166628
503 166628
504 166628
505 166628
506 166628
507 166628
508 166628
509 166628
510 166628
511 166628
512 166628
513 166628
514 166628
515 166628
516 166628
517 166628
518 166628
519 166628
520 166628
521 166628
522 166628
523 166628
524 166628
525 166628
526 166628
527 166628
528 166628
529 166628
530 166628
531 166628
532 166628
533 166628
534 166628
535 166628
536 166628
537 166628
538 166628
539 166628
540 166628
541 166628
542 166628
543 166628
544 166628
545 166628
546 166628
547 166628
548 166628
549 166628
550 166628
551 166628
552 166628
553 166628
554 166628
555 166628
556 166628
557 166628
558 166628
559 166628
560 166628
561 166628
562 166628
563 166628
564 166628
565 166628
566 166628
567 166628
568 166628
569 166628
570 166628
571 166628
572 166628
573 166628
574 166628
575 166628
576 166628
577 166628
578 166628
579 166628
580 166628
581 166628
582 166628
583 166628
584 166628
585 166628
586 166628
587 166628
588 166628
589 166628
590 166628
591 166628
592 166628
593 166628
594 166628
595 166628
596 166628
597 166628
598 166628
599 166628
600 166628
601 166628
602 166628
603 166628
604 166628
605 166628
606 166628
607 166628
608 166628
609 166628
610 166628
611 166628
612 166628
613 166628
614 166628
615 166628
616 166628
617 166628
618 166628
619 166628
620 166628
621 166628
622 166628
623 166628
624 166628
625 166628
626 166628
627 166628
628 166628
629 166628
630 166628
631 166628
632 166628
633 166628
634 166628
635 166628
636 166628
637 166628
638 166628
639 166628
640 166628
641 166628
642 166628
643 166628
644 166628
645 166628
646 166628
647 166628
648 166628
649 166628
650 166628
651 166628
652 166628
653 166628
654 166628
655 166628
656 166628
657 166628
658 166628
659 166628
660 166628
661 166628
662 166628
663 166628
664 166628
665 166628
666 166628
667 166628
668 166628
669 166628
670 166628
671 166628
672 166628
673 166628
674 166628
675 166628
676 166628
677 166628
678 166628
679 166628
680 166628
681 166628
682 166628
683 166628
684 166628
685 166628
686 166628
687 166628
688 166628
689 166628
690 166628
691 166628
692 166628
693 166628
694 166628
695 166628
696 166628
697 166628
698 166628
699 166628
700 166628
701 166628
702 166628
703 166628
704 166628
705 166628
706 166628
707 166628
708 166628
709 166628
710 166628
711 166628
712 166628
713 166628
714 166628
715 166628
716 166628
717 166628
718 166628
719 166628
720 166628
721 166628
722 166628
723 166628
724 166628
725 166628
726 166628
727 166628
728 166628
729 166628
730 166628
731 166628
732 166628
733 166628
734 166628
735 166628
736 166628
737 166628
738 166628
739 166628
740 166628
741 166628
742 166628
743 166628
744 166628
745 166628
746 166628
747 166628
748 166628
749 166628
750 166628
751 166628
752 166628
753 166628
754 166628
755 166628
756 166628
757 166628
758 166628
759 166628
760 166628
761 166628
762 166628
763 166628
764 166628
765 166628
766 166628
767 166628
768 166628
769 166628
770 166628
771 166628
772 166628
773 166628
774 166628
775 166628
776 166628
777 166628
778 166628
779 166628
780 166628
781 166628
782 166628
783 166628
784 166628
785 166628
786 166628
787 166628
788 166628
789 166628
790 166628
791 166628
792 166628
793 166628
794 166628
795 166628
796 166628
797 166628
798 166628
799 166628
800 166628
801 166628
802 166628
803 166628
804 166628
805 166628
806 166628
807 166628
808 166628
809 166628
810 166628
811 166628
812 166628
813 166628
814 166628
815 166628
816 166628
817 166628
818 166628
819 166628
820 166628
821 166628
822 166628
823 166628
824 166628
825 166628
826 166628
827 166628
828 166628
829 166628
830 166628
831 166628
832 166628
833 166628
834 166628
835 166628
836 166628
837 166628
838 166628
839 166628
840 166628
841 166628
842 166628
843 166628
844 166628
845 166628
846 166628
847 166628
848 166628
849 166628
850 166628
851 166628
852 166628
853 166628
854 166628
855 166628
856 166628
857 166628
858 166628
859 166628
860 166628
861 166628
862 166628
863 166628
864 166628
865 166628
866 166628
867 166628
868 166628
869 166628
870 166628
871 166628
872 166628
873 166628
874 166628
875 166628
876 166628
877 166628
878 166628
879 166628
880 166628
881 166628
882 166628
883 166628
884 166628
885 166628
886 166628
887 166628
888 166628
889 166628
890 166628
891 166628
892 166628
893 166628
894 166628
895 166628
896 166628
897 166628
898 166628
899 166628
900 166628
901 166628
902 166628
903 166628
904 166628
905 166628
906 166628
907 166628
908 166628
909 166628
910 166628
911 166628
912 166628
913 166628
914 166628
915 166628
916 166628
917 166628
918 166628
919 166628
920 166628
921 166628
922 166628
923 166628
924 166628
925 166628
926 166628
927 166628
928 166628
929 166628
930 166628
931 166628
932 166628
933 166628
934 166628
935 166628
936 166628
937 166628
938 166628
939 166628
940 166628
941 166628
942 166628
943 166628
944 166628
945 166628
946 166628
947 166628
948 166628
949 166628
950 166628
951 166628
952 166628
953 166628
954 166628
955 166628
956 166628
957 166628
958 166628
959 166628
960 166628
961 166628
962 166628
963 166628
964 166628
965 166628
966 166628
967 166628
968 166628
969 166628
970 166628
971 166628
972 166628
973 166628
974 166628
975 166628
976 166628
977 166628
978 166628
979 166628
980 166628
981 166628
982 166628
983 166628
984 166628
985 166628
986 166628
987 166628
988 166628
989 166628
990 166628
991 166628
992 166628
993 166628
994 166628
995 166628
996 166628
997 166628
998 166628
999 166628
1000 166628
1001 166628
1002 166628
1003 166628
1004 166628
1005 166628
1006 166628
1007 166628
1008 166628
1009 166628
1010 166628
1011 166628
1012 166628
1013 166628
1014 166628
1015 166628
1016 166628
1017 166628
1018 166628
1019 166628
1020 166628
1021 166628
1022 166628
1023 166628
1024 166628
1025 166628
1026 166628
1027 166628
1028 166628
1029 166628
1030 166628
1031 166628
1032 166628
1033 166628
1034 166628
1035 166628
1036 166628
1037 166628
1038 166628
1039 166628
1040 166628
1041 166628
1042 166628
1043 166628
1044 166628
1045 166628
1046 166628
1047 166628
1048 166628
1049 166628
1050 166628
1051 166628
1052 166628
1053 166628
1054 166628
1055 166628
1056 166628
1057 166628
1058 166628
1059 166628
1060 166628
1061 166628
1062 166628
1063 166628
1064 166628
