1 81376
2 81376
3 81376
4 81376
5 81376
6 81376
7 81376
8 81376
9 81376
10 81376
11 81376
12 81376
13 81376
14 81376
15 81376
16 81376
17 81376
18 81376
19 81376
20 81376
21 81376
22 81376
23 81376
24 81376
25 81376
26 81376
27 81376
28 81376
29 81376
30 81376
31 81376
32 81376
33 93656
34 93656
35 97752
36 100796
37 100796
38 113056
39 113056
40 118176
41 118176
42 118176
43 118176
44 118176
45 118176
46 118176
47 118176
48 118176
49 118176
50 118176
51 118176
52 118176
53 118176
54 118176
55 118176
56 118176
57 118176
58 118176
59 118176
60 118176
61 118176
62 118176
63 118176
64 118176
65 118176
66 118176
67 118176
68 118176
69 118176
70 118176
71 118176
72 118176
73 118176
74 118176
75 118176
76 118176
77 118176
78 118176
79 118176
80 118176
81 118176
82 118176
83 118176
84 118176
85 118176
86 118296
87 118296
88 118296
89 118296
90 118296
91 118296
92 118296
93 118296
94 118296
95 118296
96 118296
97 118296
98 118296
99 118296
100 118296
101 118296
102 118296
103 120316
104 120316
105 120316
106 120316
107 120316
108 120316
109 120316
110 120316
111 120316
112 120316
113 120316
114 120316
115 120316
116 120316
117 120316
118 120316
119 120316
120 128508
121 130556
122 130556
123 131580
124 131580
125 141680
126 141680
127 141680
128 141680
129 141680
130 141680
131 141680
132 141680
133 141680
134 141680
135 141680
136 141680
137 141680
138 143728
139 143728
140 143728
141 143728
142 143728
143 143728
144 143728
145 143728
146 143728
147 143728
148 143728
149 143728
150 144752
151 153968
152 155112
153 156136
154 156136
155 156256
156 156256
157 156256
158 156136
159 156136
160 156136
161 156136
162 156136
163 156136
164 156136
165 156136
166 156136
167 157160
168 157160
169 157160
170 157280
171 157280
172 157280
173 157280
174 157280
175 157280
176 157280
177 157280
178 157280
179 157280
180 157280
181 157280
182 157280
183 157280
184 157280
185 157280
186 157280
187 157280
188 161376
189 161376
190 161376
191 163416
192 164440
193 166460
194 167484
195 189756
196 189756
197 189756
198 185916
199 185916
200 185916
201 185916
202 185916
203 185916
204 185916
205 185916
206 185916
207 185916
208 185916
209 185916
210 185916
211 185916
212 185916
213 185916
214 185916
215 185916
216 185916
217 185916
218 185916
219 185916
220 185916
221 185916
222 185916
223 185916
224 185916
225 185916
226 185916
227 185916
228 185916
229 185916
230 185916
231 185916
232 185916
233 185916
234 185916
235 185916
236 185916
237 185916
238 185916
239 185916
240 185916
241 185916
242 185916
243 185916
244 185916
245 185916
246 185916
247 185916
248 185916
249 185916
250 185916
251 185916
252 185916
253 185916
254 185916
255 185916
256 185916
257 185916
258 185916
259 185916
260 185916
261 185916
262 185916
263 185916
264 185916
265 185916
266 185916
267 185916
268 185916
269 185916
270 185916
271 185916
272 185916
273 185916
274 185916
275 185916
276 185916
277 185916
278 185916
279 185916
280 185916
281 185916
282 185916
283 185916
284 185916
285 185916
286 185916
287 185916
288 185916
289 185916
290 185916
291 185916
292 185916
293 185916
294 185916
295 185916
296 185916
297 185916
298 185916
299 185916
300 185916
301 185916
302 185916
303 185916
304 185916
305 185916
306 185916
307 185916
308 185916
309 185916
310 185916
311 185916
312 185916
313 185916
314 185916
315 185916
