1 80320
2 80320
3 80320
4 80320
5 80320
6 80320
7 80320
8 80320
9 80320
10 80320
11 80320
12 80320
13 80320
14 80320
15 80320
16 80320
17 80320
18 80320
19 80320
20 80320
21 80320
22 80320
23 80320
24 80320
25 80320
26 80320
27 80320
28 80320
29 80320
30 80320
31 80320
32 80320
33 80320
34 80320
35 80320
36 80320
37 80320
38 80320
39 80320
40 80320
41 80320
42 80320
43 80320
44 80320
45 80320
46 80320
47 80320
48 80320
49 80320
50 80320
51 80320
52 80320
53 80320
54 80320
55 80320
56 80320
57 80320
58 80320
59 80320
60 80320
61 80320
62 80320
63 80320
64 80320
65 80320
66 80320
67 80320
68 80320
69 80320
70 80320
71 80320
72 80320
73 80320
74 80320
75 80320
76 80320
77 80320
78 80320
79 80320
80 80320
81 80320
82 80320
83 80320
84 80320
85 80320
86 80320
87 80320
88 80320
89 80320
90 80320
91 80320
92 80320
93 80320
94 80320
95 80320
96 80320
97 80320
98 80320
99 80320
100 80320
101 80320
102 80320
103 80320
104 80320
105 80320
106 80320
107 80320
108 80320
109 80320
110 80320
111 80320
112 80320
113 80320
114 80320
115 80320
116 80320
117 80320
118 80320
119 80320
120 80320
121 80320
122 80320
123 80320
124 80320
125 80320
126 80320
127 80320
128 80320
129 80320
130 80320
131 80320
132 80320
133 80320
134 80320
135 80320
136 80320
137 80320
138 80320
139 80320
140 80320
141 80320
142 80320
143 80320
144 80320
145 80320
146 80320
147 80320
148 80320
149 80320
150 80320
151 80320
152 80320
153 80320
154 80320
155 80320
156 80320
157 80320
158 80320
159 80320
160 80320
161 80320
162 80320
163 80320
164 80320
165 80320
166 80320
167 80320
168 80320
169 80320
170 80320
171 80320
172 80320
173 80320
174 80320
175 80320
176 80320
177 80320
178 80320
179 80320
180 80320
181 80320
182 80320
183 80320
184 80320
185 80320
186 80320
187 80320
188 80320
189 80320
190 80320
191 80320
192 80320
193 80320
194 80320
195 80320
196 80320
197 80320
198 80320
199 80320
200 80320
201 80320
202 80320
203 80320
204 80320
205 80320
206 80320
207 80320
208 80320
209 80320
210 80320
211 80320
212 80320
213 80320
214 80320
215 80320
216 80320
217 80320
218 80320
219 80320
220 80320
221 80320
222 80320
223 80320
224 80320
225 80320
226 80320
227 80320
228 80320
229 80320
230 80320
231 80320
232 80320
233 80320
234 80320
235 80320
236 80320
237 80320
238 80320
239 80320
240 80320
241 80320
242 80320
243 80320
244 80320
245 83392
246 94628
247 98688
248 98688
249 99712
250 99712
251 99712
252 99712
253 99712
254 99712
255 99712
256 102784
257 103808
258 103808
259 103808
260 103808
261 103808
262 103808
263 103928
264 103928
265 103928
266 103928
267 103928
268 115192
269 115192
270 116216
271 119320
272 121368
273 123416
274 126488
275 126488
276 126488
277 127512
278 127512
279 127512
280 127512
281 135704
282 144920
283 144920
284 144920
285 144920
286 144920
287 146064
288 146064
289 146064
290 147088
291 147088
292 147088
293 147088
294 147088
295 147088
296 147088
297 147088
298 147088
299 147088
300 147088
301 148112
302 148112
303 148112
304 148112
305 149136
306 149136
307 151156
308 151156
309 151156
310 151156
311 152172
312 152172
313 152172
314 152172
315 152172
316 152172
317 152172
318 152172
319 152172
320 152172
321 152172
322 152172
323 152172
324 152172
325 152172
326 157292
327 157292
328 157292
329 157292
330 157292
331 157292
332 157292
333 157292
334 157292
335 157292
336 157292
337 157292
338 158316
339 158316
340 158316
341 158316
342 158316
343 158316
344 158316
345 158316
346 158316
347 158316
348 158316
349 158316
350 158436
351 158436
352 158436
353 158436
354 158436
355 158436
356 158436
357 158436
358 158436
359 158436
360 158436
361 158436
362 158436
363 158436
364 158436
365 158436
366 158436
367 158436
368 158436
369 158436
370 158436
371 158436
372 158436
373 158436
374 158436
375 158436
376 158436
377 158436
378 158436
379 158436
380 158436
381 158436
382 158436
383 158436
384 158436
385 158436
386 158436
387 158436
388 158436
389 158436
390 158436
391 158436
392 158436
393 158436
394 158436
395 158436
396 158436
397 158436
398 158436
399 158436
400 158436
401 158436
402 158436
403 158436
404 158436
405 158436
406 158436
407 158436
408 158436
409 158436
410 158436
411 158436
412 158436
413 158436
414 158436
415 158436
416 158436
417 158436
418 158436
419 158436
420 158436
421 158436
422 158436
423 158436
424 158436
425 158436
426 158436
427 158436
428 158436
429 158436
430 158436
431 158436
432 158436
433 158436
434 158436
435 158436
436 158436
437 158436
438 158436
439 158436
440 158436
441 158436
442 158436
443 158436
444 158436
445 158436
446 158436
447 158436
448 158436
449 158436
450 158436
451 158436
452 158436
453 158436
454 158436
455 158436
456 158436
457 158436
458 158436
459 158436
460 158436
461 158436
462 158436
463 158436
464 158436
465 158436
466 158436
467 158436
468 158436
469 158436
470 158436
471 158436
472 158436
473 158436
474 158436
475 158436
476 158436
477 158436
478 158436
479 158436
480 158436
481 158436
482 158436
483 158436
484 158436
485 158436
486 158436
487 158436
488 158436
489 158436
490 158436
491 158436
492 158436
493 158436
494 158436
495 158436
496 158436
497 158436
498 158436
499 158436
500 158436
501 158436
502 158436
503 158436
504 158436
505 158436
506 158436
507 158436
508 158436
509 158436
510 158436
511 158436
512 158436
513 158436
514 158436
515 158436
516 158436
517 158436
518 158436
519 158436
520 158436
521 158436
522 158436
523 158436
524 158436
525 158436
526 158436
527 158436
528 158436
529 158436
530 158436
531 158436
532 158436
533 158436
534 158436
535 158436
536 158436
537 158436
538 158436
539 158436
540 158436
541 158436
542 158436
543 158436
544 158436
545 158436
546 158436
547 158436
548 158436
549 158436
550 158436
551 158436
552 158436
553 158436
554 158436
555 158436
556 158436
557 158436
558 158436
559 158436
560 158436
561 158436
562 158436
563 158436
564 158436
565 158436
566 158436
567 158436
568 158436
569 158436
570 158436
571 158436
572 158436
573 158436
574 158436
575 158436
576 158436
577 158436
578 158436
579 158436
580 158436
581 158436
582 158436
583 158436
584 158436
585 158436
586 158436
587 158436
588 158436
589 158436
590 158436
591 158436
592 158436
593 158436
594 158436
595 158436
596 158436
597 158436
598 158436
599 158436
600 158436
601 158436
602 158436
603 158436
604 158436
605 158436
606 158436
607 158436
608 158436
609 158436
610 158436
611 158436
612 158436
613 158436
614 158436
615 158436
616 158436
617 158436
618 158436
619 158436
620 158436
621 158436
622 158436
623 158436
624 158436
625 158436
626 158436
627 158436
628 158436
629 158436
630 158436
631 158436
632 158436
633 158436
634 158436
635 158436
636 158436
637 158436
638 158436
639 158436
640 158436
641 158436
642 158436
643 158436
644 158436
645 158436
646 158436
647 158436
648 158436
649 158436
650 158436
651 158436
652 158436
653 158436
654 158436
655 158436
656 158436
657 158436
658 158436
659 158436
660 158436
661 158436
662 158436
663 158436
664 158436
665 158436
666 158436
667 158436
668 158436
669 158436
670 158436
671 158436
672 158436
673 158436
674 158436
675 158436
676 158436
677 158436
678 158436
679 158436
680 158436
681 158436
682 158436
683 158436
684 158436
685 158436
686 158436
687 158436
688 158436
689 158436
690 158436
691 158436
692 158436
693 158436
694 158436
695 158436
696 158436
697 158436
698 158436
699 158436
700 158436
701 158436
702 158436
703 158436
704 158436
705 158436
706 158436
707 158436
708 158436
709 158436
710 158436
711 158436
712 158436
713 158436
714 158436
715 158436
716 158436
717 158436
718 158436
719 158436
720 158436
721 158436
722 158436
723 158436
724 158436
725 158436
726 158436
727 158436
728 158436
729 158436
730 158436
731 158436
732 158436
733 158436
734 158436
735 158436
736 158436
737 158436
738 158436
739 158436
740 158436
741 158436
742 158436
743 158436
744 158436
745 158436
746 158436
747 158436
748 158436
749 158436
750 158436
751 158436
752 158436
753 158436
754 158436
755 158436
756 158436
757 158436
758 158436
759 158436
760 158436
761 158436
762 158436
763 158436
764 158436
765 158436
766 158436
767 158436
768 158436
769 158436
770 158436
771 158436
772 158436
773 158436
774 158436
775 158436
776 158436
777 158436
778 158436
779 158436
780 158436
781 158436
782 158436
783 158436
784 158436
785 158436
786 158436
787 158436
788 158436
789 158436
790 158436
791 158436
792 158436
793 158436
794 158436
795 158436
796 158436
797 158436
798 158436
799 158436
800 158436
801 158436
802 158436
803 158436
804 158436
805 158436
806 158436
807 158436
808 158436
809 158436
810 158436
811 158436
812 158436
813 158436
814 158436
815 158436
816 158436
817 158436
818 158436
819 158436
820 158436
821 158436
822 158436
823 158436
824 158436
825 158436
826 158436
827 158436
828 158436
829 158436
830 158436
831 158436
832 158436
833 158436
834 158436
835 158436
836 158436
837 158436
838 158436
839 158436
840 158436
841 158436
842 158436
843 158436
844 158436
845 158436
846 158436
847 158436
848 158436
849 158436
850 158436
851 158436
852 158436
853 158436
854 158436
855 158436
856 158436
857 158436
858 158436
859 158436
860 158436
861 158436
862 158436
863 158436
864 158436
865 158436
866 158436
867 158436
868 158436
869 158436
870 158436
871 158436
872 158436
873 158436
874 158436
875 158436
876 158436
877 158436
878 158436
879 158436
880 158436
881 158436
882 158436
883 158436
884 158436
885 158436
886 158436
887 158436
888 158436
889 158436
890 158436
891 158436
892 158436
893 158436
894 158436
895 158436
896 158436
897 158436
898 158436
899 158436
900 158436
901 158436
902 158436
903 158436
904 158436
905 158436
906 158436
907 158436
908 158436
909 158436
910 158436
911 158436
912 158436
913 158436
914 158436
915 158436
916 158436
917 158436
918 158436
919 158436
920 158436
921 158436
922 158436
923 158436
924 158436
925 158436
926 158436
927 158436
928 158436
929 158436
930 158436
931 158436
932 158436
933 158436
934 158436
935 158436
936 158436
937 158436
938 158436
939 158436
940 158436
941 158436
942 158436
943 158436
944 158436
945 158436
946 158436
947 158436
948 158436
949 158436
950 158436
951 158436
952 158436
953 158436
954 158436
955 158436
956 158436
957 158436
958 158436
959 158436
960 158436
961 158436
962 158436
963 158436
964 158436
965 158436
966 158436
967 158436
968 158436
969 158436
970 158436
971 158436
972 158436
973 158436
974 158436
975 158436
976 158436
977 158436
978 158436
979 158436
980 158436
981 158436
982 158436
983 158436
984 158436
985 158436
986 158436
987 158436
988 158436
989 158436
990 158436
991 158436
992 158436
993 158436
994 158436
995 158436
996 158436
997 158436
998 158436
999 158436
1000 158436
1001 158436
1002 158436
1003 158436
1004 158436
1005 158436
1006 158436
1007 158436
1008 158436
1009 158436
1010 158436
1011 158436
1012 158436
1013 158436
1014 158436
1015 158436
1016 158436
1017 158436
1018 158436
1019 158436
1020 158436
1021 158436
1022 158436
1023 158436
1024 158436
1025 158436
1026 158436
1027 158436
1028 158436
1029 158436
1030 158436
1031 158436
1032 158436
1033 158436
1034 158436
1035 158436
1036 158436
1037 158436
1038 158436
1039 158436
1040 158436
1041 158436
1042 158436
1043 158436
1044 158436
1045 158436
1046 158436
1047 158436
1048 158436
1049 158436
1050 158436
1051 158436
1052 158436
1053 158436
1054 158436
1055 158436
1056 158436
1057 158436
1058 158436
1059 158436
1060 158436
1061 158436
1062 158436
1063 158436
1064 158436
1065 158436
1066 158436
1067 158436
1068 158436
1069 158436
1070 158436
1071 158436
1072 158436
1073 158436
1074 158436
1075 158436
1076 158436
1077 158436
1078 158436
1079 158436
1080 158436
1081 158436
1082 158436
1083 158436
1084 158436
1085 158436
1086 158436
1087 158436
1088 158436
1089 158436
1090 158436
1091 158436
1092 158436
1093 158436
1094 158436
1095 158436
1096 158436
1097 158436
1098 158436
1099 158436
1100 158436
1101 158436
1102 158436
1103 158436
1104 158436
1105 158436
1106 158436
1107 158436
1108 158436
1109 158436
1110 158436
1111 158436
1112 158436
1113 158436
1114 158436
1115 158436
1116 158436
1117 158436
1118 158436
1119 158436
1120 158436
1121 158436
1122 158436
1123 158436
1124 158436
1125 158436
1126 158436
1127 158436
