1 80352
2 80352
3 80352
4 80352
5 80352
6 80352
7 80352
8 80352
9 80352
10 80352
11 80352
12 80352
13 80352
14 80352
15 80352
16 80352
17 80352
18 80352
19 80352
20 80352
21 80352
22 80352
23 80352
24 80352
25 80352
26 80352
27 80352
28 80352
29 80352
30 80352
31 80352
32 80352
33 80352
34 80352
35 80352
36 80352
37 80352
38 80352
39 80352
40 80352
41 80352
42 80352
43 80352
44 80352
45 80352
46 80352
47 80352
48 80352
49 80352
50 80352
51 80352
52 80352
53 80352
54 80352
55 80352
56 80352
57 80352
58 80352
59 80352
60 80352
61 80352
62 80352
63 80352
64 80352
65 80352
66 80352
67 80352
68 80352
69 80352
70 80352
71 80352
72 80352
73 80352
74 80352
75 80352
76 80352
77 80352
78 80352
79 80352
80 80352
81 80352
82 80352
83 80352
84 80352
85 80352
86 80352
87 80352
88 80352
89 80352
90 80352
91 80352
92 80352
93 80352
94 80352
95 80352
96 80352
97 80352
98 80352
99 80352
100 80352
101 80352
102 80352
103 80352
104 80352
105 80352
106 80352
107 80352
108 80352
109 80352
110 80352
111 80352
112 80352
113 80352
114 80352
115 80352
116 80352
117 80352
118 80352
119 80352
120 80352
121 80352
122 80352
123 80352
124 80352
125 80352
126 80352
127 80352
128 80352
129 80352
130 80352
131 80352
132 80352
133 80352
134 80352
135 80352
136 80352
137 80352
138 80352
139 80352
140 80352
141 80352
142 80352
143 80352
144 80352
145 80352
146 80352
147 80352
148 80352
149 80352
150 80352
151 80352
152 80352
153 80352
154 80352
155 80352
156 80352
157 80352
158 80352
159 80352
160 80352
161 80352
162 80352
163 80352
164 80352
165 80352
166 80352
167 80352
168 80352
169 80352
170 80352
171 80352
172 80352
173 80352
174 80352
175 80352
176 80352
177 80352
178 80352
179 80352
180 80352
181 80352
182 80352
183 80352
184 80352
185 80352
186 80352
187 80352
188 80352
189 80352
190 80352
191 80352
192 80352
193 80352
194 80352
195 80352
196 80352
197 80352
198 80352
199 80352
200 80352
201 80352
202 80352
203 80352
204 80352
205 80352
206 80352
207 80352
208 80352
209 80352
210 80352
211 80352
212 80352
213 80352
214 80352
215 80352
216 80352
217 80352
218 80352
219 80352
220 80352
221 80352
222 80352
223 80352
224 80352
225 80352
226 80352
227 80352
228 80352
229 80352
230 80352
231 80352
232 80352
233 80352
234 80352
235 80352
236 80352
237 80352
238 80352
239 80352
240 80352
241 83424
242 94660
243 97696
244 98720
245 98720
246 98720
247 99744
248 99744
249 99744
250 99744
251 99744
252 99744
253 99744
254 99744
255 102816
256 103840
257 103840
258 103840
259 103840
260 103960
261 103960
262 103960
263 103960
264 103960
265 103960
266 107032
267 107032
268 115224
269 115224
270 118296
271 118296
272 119320
273 120344
274 122392
275 125496
276 126520
277 126520
278 127544
279 127544
280 127544
281 127544
282 144952
283 144952
284 144952
285 144952
286 144952
287 146096
288 146096
289 146096
290 146096
291 146096
292 147120
293 147120
294 147120
295 147120
296 147120
297 147120
298 147120
299 147120
300 147120
301 147120
302 148144
303 148144
304 148144
305 148144
306 148144
307 148144
308 148144
309 149168
310 149168
311 159380
312 160516
313 160516
314 160516
315 160516
316 160516
317 160516
318 160516
319 160516
320 161540
321 161540
322 165636
323 165636
324 165636
325 165636
326 165636
327 165636
328 165636
329 165636
330 165636
331 165636
332 165636
333 165636
334 165636
335 166660
336 166660
337 166660
338 166660
339 166660
340 166660
341 166660
342 166660
343 166660
344 166660
345 166660
346 166660
347 166660
348 166660
349 166660
350 166660
351 166660
352 166660
353 166660
354 166660
355 166660
356 166660
357 166660
358 166660
359 166660
360 166660
361 166660
362 166660
363 166660
364 166660
365 166660
366 166660
367 166660
368 166660
369 166660
370 166660
371 166660
372 166660
373 166660
374 166660
375 166660
376 166660
377 166660
378 166660
379 166660
380 166660
381 166660
382 166660
383 166660
384 166660
385 166660
386 166660
387 166660
388 166660
389 166660
390 166660
391 166660
392 166660
393 166660
394 166660
395 166660
396 166660
397 166660
398 166660
399 166660
400 166660
401 166660
402 166660
403 166660
404 166660
405 166660
406 166660
407 166660
408 166660
409 166660
410 166660
411 166660
412 166660
413 166660
414 166660
415 166660
416 166660
417 166660
418 166660
419 166660
420 166660
421 166660
422 166660
423 166660
424 166660
425 166660
426 166660
427 166660
428 166660
429 166660
430 166660
431 166660
432 166660
433 166660
434 166660
435 166660
436 166660
437 166660
438 166660
439 166660
440 166660
441 166660
442 166660
443 166660
444 166660
445 166660
446 166660
447 166660
448 166660
449 166660
450 166660
451 166660
452 166660
453 166660
454 166660
455 166660
456 166660
457 166660
458 166660
459 166660
460 166660
461 166660
462 166660
463 166660
464 166660
465 166660
466 166660
467 166660
468 166660
469 166660
470 166660
471 166660
472 166660
473 166660
474 166660
475 166660
476 166660
477 166660
478 166660
479 166660
480 166660
481 166660
482 166660
483 166660
484 166660
485 166660
486 166660
487 166660
488 166660
489 166660
490 166660
491 166660
492 166660
493 166660
494 166660
495 166660
496 166660
497 166660
498 166660
499 166660
500 166660
501 166660
502 166660
503 166660
504 166660
505 166660
506 166660
507 166660
508 166660
509 166660
510 166660
511 166660
512 166660
513 166660
514 166660
515 166660
516 166660
517 166660
518 166660
519 166660
520 166660
521 166660
522 166660
523 166660
524 166660
525 166660
526 166660
527 166660
528 166660
529 166660
530 166660
531 166660
532 166660
533 166660
534 166660
535 166660
536 166660
537 166660
538 166660
539 166660
540 166660
541 166660
542 166660
543 166660
544 166660
545 166660
546 166660
547 166660
548 166660
549 166660
550 166660
551 166660
552 166660
553 166660
554 166660
555 166660
556 166660
557 166660
558 166660
559 166660
560 166660
561 166660
562 166660
563 166660
564 166660
565 166660
566 166660
567 166660
568 166660
569 166660
570 166660
571 166660
572 166660
573 166660
574 166660
575 166660
576 166660
577 166660
578 166660
579 166660
580 166660
581 166660
582 166660
583 166660
584 166660
585 166660
586 166660
587 166660
588 166660
589 166660
590 166660
591 166660
592 166660
593 166660
594 166660
595 166660
596 166660
597 166660
598 166660
599 166660
600 166660
601 166660
602 166660
603 166660
604 166660
605 166660
606 166660
607 166660
608 166660
609 166660
610 166660
611 166660
612 166660
613 166660
614 166660
615 166660
616 166660
617 166660
618 166660
619 166660
620 166660
621 166660
622 166660
623 166660
624 166660
625 166660
626 166660
627 166660
628 166660
629 166660
630 166660
631 166660
632 166660
633 166660
634 166660
635 166660
636 166660
637 166660
638 166660
639 166660
640 166660
641 166660
642 166660
643 166660
644 166660
645 166660
646 166660
647 166660
648 166660
649 166660
650 166660
651 166660
652 166660
653 166660
654 166660
655 166660
656 166660
657 166660
658 166660
659 166660
660 166660
661 166660
662 166660
663 166660
664 166660
665 166660
666 166660
667 166660
668 166660
669 166660
670 166660
671 166660
672 166660
673 166660
674 166660
675 166660
676 166660
677 166660
678 166660
679 166660
680 166660
681 166660
682 166660
683 166660
684 166660
685 166660
686 166660
687 166660
688 166660
689 166660
690 166660
691 166660
692 166660
693 166660
694 166660
695 166660
696 166660
697 166660
698 166660
699 166660
700 166660
701 166660
702 166660
703 166660
704 166660
705 166660
706 166660
707 166660
708 166660
709 166660
710 166660
711 166660
712 166660
713 166660
714 166660
715 166660
716 166660
717 166660
718 166660
719 166660
720 166660
721 166660
722 166660
723 166660
724 166660
725 166660
726 166660
727 166660
728 166660
729 166660
730 166660
731 166660
732 166660
733 166660
734 166660
735 166660
736 166660
737 166660
738 166660
739 166660
740 166660
741 166660
742 166660
743 166660
744 166660
745 166660
746 166660
747 166660
748 166660
749 166660
750 166660
751 166660
752 166660
753 166660
754 166660
755 166660
756 166660
757 166660
758 166660
759 166660
760 166660
761 166660
762 166660
763 166660
764 166660
765 166660
766 166660
767 166660
768 166660
769 166660
770 166660
771 166660
772 166660
773 166660
774 166660
775 166660
776 166660
777 166660
778 166660
779 166660
780 166660
781 166660
782 166660
783 166660
784 166660
785 166660
786 166660
787 166660
788 166660
789 166660
790 166660
791 166660
792 166660
793 166660
794 166660
795 166660
796 166660
797 166660
798 166660
799 166660
800 166660
801 166660
802 166660
803 166660
804 166660
805 166660
806 166660
807 166660
808 166660
809 166660
810 166660
811 166660
812 166660
813 166660
814 166660
815 166660
816 166660
817 166660
818 166660
819 166660
820 166660
821 166660
822 166660
823 166660
824 166660
825 166660
826 166660
827 166660
828 166660
829 166660
830 166660
831 166660
832 166660
833 166660
834 166660
835 166660
836 166660
837 166660
838 166660
839 166660
840 166660
841 166660
842 166660
843 166660
844 166660
845 166660
846 166660
847 166660
848 166660
849 166660
850 166660
851 166660
852 166660
853 166660
854 166660
855 166660
856 166660
857 166660
858 166660
859 166660
860 166660
861 166660
862 166660
863 166660
864 166660
865 166660
866 166660
867 166660
868 166660
869 166660
870 166660
871 166660
872 166660
873 166660
874 166660
875 166660
876 166660
877 166660
878 166660
879 166660
880 166660
881 166660
882 166660
883 166660
884 166660
885 166660
886 166660
887 166660
888 166660
889 166660
890 166660
891 166660
892 166660
893 166660
894 166660
895 166660
896 166660
897 166660
898 166660
899 166660
900 166660
901 166660
902 166660
903 166660
904 166660
905 166660
906 166660
907 166660
908 166660
909 166660
910 166660
911 166660
912 166660
913 166660
914 166660
915 166660
916 166660
917 166660
918 166660
919 166660
920 166660
921 166660
922 166660
923 166660
924 166660
925 166660
926 166660
927 166660
928 166660
929 166660
930 166660
931 166660
932 166660
933 166660
934 166660
935 166660
936 166660
937 166660
938 166660
939 166660
940 166660
941 166660
942 166660
943 166660
944 166660
945 166660
946 166660
947 166660
948 166660
949 166660
950 166660
951 166660
952 166660
953 166660
954 166660
955 166660
956 166660
957 166660
958 166660
959 166660
960 166660
961 166660
962 166660
963 166660
964 166660
965 166660
966 166660
967 166660
968 166660
969 166660
970 166660
971 166660
972 166660
973 166660
974 166660
975 166660
976 166660
977 166660
978 166660
979 166660
980 166660
981 166660
982 166660
983 166660
984 166660
985 166660
986 166660
987 166660
988 166660
989 166660
990 166660
991 166660
992 166660
993 166660
994 166660
995 166660
996 166660
997 166660
998 166660
999 166660
1000 166660
1001 166660
1002 166660
1003 166660
1004 166660
1005 166660
1006 166660
1007 166660
1008 166660
1009 166660
1010 166660
1011 166660
1012 166660
1013 166660
1014 166660
1015 166660
1016 166660
1017 166660
1018 166660
1019 166660
1020 166660
1021 166660
1022 166660
1023 166660
1024 166660
1025 166660
1026 166660
1027 166660
1028 166660
1029 166660
1030 166660
1031 166660
1032 166660
1033 166660
1034 166660
1035 166660
1036 166660
1037 166660
1038 166660
1039 166660
1040 166660
1041 166660
1042 166660
1043 166660
1044 166660
1045 166660
1046 166660
1047 166660
1048 166660
1049 166660
1050 166660
1051 166660
1052 166660
1053 166660
1054 166660
1055 166660
1056 166660
1057 166660
1058 166660
1059 166660
1060 166660
1061 166660
1062 166660
1063 166660
1064 166660
1065 166660
1066 166660
1067 166660
1068 166660
1069 166660
1070 166660
1071 166660
1072 166660
1073 166660
1074 166660
1075 166660
1076 166660
1077 166660
1078 166660
1079 166660
1080 166660
1081 166660
1082 166660
1083 166660
1084 166660
1085 166660
1086 166660
1087 166660
1088 166660
1089 166660
1090 166660
1091 166660
1092 166660
1093 166660
1094 166660
1095 166660
1096 166660
1097 166660
1098 166660
1099 166660
1100 166660
1101 166660
1102 166660
1103 166660
1104 166660
1105 166660
1106 166660
1107 166660
1108 166660
1109 166660
1110 166660
1111 166660
1112 166660
1113 166660
1114 166660
1115 166660
1116 166660
1117 166660
1118 166660
1119 166660
