1 80320
2 80320
3 80320
4 80320
5 80320
6 80320
7 80320
8 80320
9 80320
10 80320
11 80320
12 80320
13 80320
14 80320
15 80320
16 80320
17 80320
18 80320
19 80320
20 80320
21 80320
22 80320
23 80320
24 80320
25 80320
26 80320
27 80320
28 80320
29 80320
30 80320
31 80320
32 80320
33 80320
34 80320
35 80320
36 80320
37 80320
38 80320
39 80320
40 80320
41 80320
42 80320
43 80320
44 80320
45 80320
46 80320
47 80320
48 80320
49 80320
50 80320
51 80320
52 80320
53 80320
54 80320
55 80320
56 80320
57 80320
58 80320
59 80320
60 80320
61 80320
62 80320
63 80320
64 80320
65 80320
66 80320
67 80320
68 80320
69 80320
70 80320
71 80320
72 80320
73 80320
74 80320
75 80320
76 80320
77 80320
78 80320
79 80320
80 80320
81 80320
82 80320
83 80320
84 80320
85 80320
86 80320
87 80320
88 80320
89 80320
90 80320
91 80320
92 80320
93 80320
94 80320
95 80320
96 80320
97 80320
98 80320
99 80320
100 80320
101 80320
102 80320
103 80320
104 80320
105 80320
106 80320
107 80320
108 80320
109 80320
110 80320
111 80320
112 80320
113 80320
114 80320
115 80320
116 80320
117 80320
118 80320
119 80320
120 80320
121 80320
122 80320
123 80320
124 80320
125 80320
126 80320
127 80320
128 80320
129 80320
130 80320
131 80320
132 80320
133 80320
134 80320
135 80320
136 80320
137 80320
138 80320
139 80320
140 80320
141 80320
142 80320
143 80320
144 80320
145 80320
146 80320
147 80320
148 80320
149 80320
150 80320
151 80320
152 80320
153 80320
154 80320
155 80320
156 80320
157 80320
158 80320
159 80320
160 80320
161 80320
162 80320
163 80320
164 80320
165 80320
166 80320
167 80320
168 80320
169 80320
170 80320
171 80320
172 80320
173 80320
174 80320
175 80320
176 80320
177 80320
178 80320
179 80320
180 80320
181 80320
182 80320
183 80320
184 80320
185 80320
186 80320
187 80320
188 80320
189 80320
190 80320
191 80320
192 80320
193 80320
194 80320
195 80320
196 80320
197 80320
198 80320
199 80320
200 80320
201 80320
202 80320
203 80320
204 80320
205 80320
206 80320
207 80320
208 80320
209 80320
210 80320
211 80320
212 80320
213 80320
214 80320
215 80320
216 80320
217 80320
218 80320
219 80320
220 80320
221 80320
222 80320
223 80320
224 80320
225 80320
226 80320
227 80320
228 80320
229 80320
230 80320
231 80320
232 80320
233 80320
234 80320
235 80320
236 80320
237 80320
238 80320
239 80320
240 80320
241 80320
242 80320
243 80320
244 80320
245 80320
246 80320
247 80320
248 80320
249 80320
250 80320
251 80320
252 80320
253 80320
254 80320
255 80320
256 80320
257 80320
258 80320
259 80320
260 80320
261 80320
262 80320
263 80320
264 80320
265 80320
266 80320
267 80320
268 80320
269 80320
270 80320
271 80320
272 80320
273 80320
274 80320
275 80320
276 80320
277 80320
278 80320
279 80320
280 80320
281 80320
282 80320
283 80320
284 80320
285 80320
286 80320
287 80320
288 80320
289 80320
290 80320
291 80320
292 80320
293 80320
294 80320
295 80320
296 80320
297 80320
298 80320
299 80320
300 80320
301 80320
302 80320
303 80320
304 80320
305 80320
306 80320
307 80320
308 80320
309 80320
310 80320
311 80320
312 95624
313 96648
314 97664
315 97664
316 98688
317 98688
318 98688
319 98688
320 98688
321 98688
322 98688
323 98688
324 98688
325 98688
326 98688
327 98688
328 98688
329 98688
330 98688
331 98688
332 98688
333 98688
334 98688
335 98688
336 98688
337 98688
338 98688
339 98688
340 98688
341 98688
342 98688
343 98688
344 98688
345 98688
346 98688
347 98688
348 98688
349 98688
350 98688
351 98688
352 98688
353 98688
354 98688
355 98688
356 98688
357 98688
358 98688
359 98808
360 100320
361 100320
362 98808
363 100912
364 100912
365 100912
366 100912
367 107000
368 107000
369 110044
370 110044
371 110044
372 110044
373 110044
374 110044
375 110044
376 110044
377 110044
378 110044
379 110044
380 110044
381 110044
382 110044
383 110044
384 110044
385 111068
386 113088
387 114112
388 115136
389 117216
390 119264
391 119264
392 119264
393 121312
394 121312
395 121312
396 121312
397 121312
398 121312
399 122336
400 122336
401 122336
402 122336
403 122336
404 122336
405 123360
406 123360
407 132576
408 132576
409 132576
410 132576
411 132576
412 134624
413 135640
414 135640
415 135640
416 135640
417 135640
418 135640
419 135640
420 135640
421 135640
422 136664
423 136664
424 136664
425 136664
426 136664
427 136664
428 136664
429 136664
430 141784
431 141784
432 141784
433 141784
434 149976
435 149976
436 149976
437 149976
438 149976
439 149976
440 149976
441 149976
442 149976
443 149976
444 149976
445 149976
446 149976
447 149976
448 149976
449 149976
450 149976
451 149976
452 149976
453 149976
454 149976
455 149976
456 149976
457 149976
458 149976
459 149976
460 149976
461 149976
462 149976
463 149976
464 149976
465 149976
466 149976
467 149976
468 149976
469 149976
470 149976
471 149976
472 149976
473 149976
474 149976
475 149976
476 149976
477 149976
478 149976
479 149976
480 149976
481 149976
482 149976
483 149976
484 149976
485 149976
486 149976
487 149976
488 149976
489 149976
490 149976
491 149976
492 149976
493 149976
494 149976
495 149976
496 149976
497 149976
498 150096
499 150096
500 150096
501 150096
502 150096
503 150096
504 150096
505 150096
506 150096
507 150096
508 150096
509 150096
510 150096
511 150096
512 150096
513 150096
514 150096
515 150096
516 150096
517 150096
518 150096
519 150096
520 150096
521 150096
522 150096
523 150096
524 150096
525 150096
526 150096
527 150096
528 150096
529 150096
530 150096
531 150096
532 150096
533 150096
534 150096
535 150096
536 150096
537 150096
538 150096
539 150096
540 150096
541 150096
542 150096
543 150096
544 150096
545 150096
546 150096
547 150096
548 150096
549 150096
550 150096
551 150096
552 150096
553 150096
554 150096
555 150096
556 150096
557 150096
558 150096
559 150096
560 150096
561 150096
562 150096
563 150096
564 150096
565 150096
566 150096
567 150096
568 150096
569 150096
570 150096
571 150096
572 150096
573 150096
574 150096
575 150096
576 150096
577 150096
578 150096
579 150096
580 150096
581 150096
582 150096
583 150096
584 150096
585 150096
586 150096
587 150096
588 150096
589 150096
590 150096
591 150096
592 150096
593 150096
594 150096
595 150096
596 150096
597 150096
598 150096
599 150096
600 150096
601 150096
602 150096
603 150096
604 150096
605 150096
606 150096
607 150096
608 150096
609 150096
610 150096
611 150096
612 150096
613 150096
614 150096
615 150096
616 150096
617 150096
618 150096
619 150096
620 150096
621 150096
622 150096
623 150096
624 150096
625 150096
626 150096
627 150096
628 150096
629 150096
630 150096
631 150096
632 150096
633 150096
634 150096
635 150096
636 150096
637 150096
638 150096
639 150096
640 150096
641 150096
642 150096
643 150096
644 150096
645 150096
646 150096
647 150096
648 150096
649 150096
650 150096
651 150096
652 150096
653 150096
654 150096
655 150096
656 150096
657 150096
658 150096
659 150096
660 150096
661 150096
662 150096
663 150096
664 150096
665 150096
666 150096
667 150096
668 150096
669 150096
670 150096
671 150096
672 150096
673 150096
674 150096
675 150096
676 150096
677 150096
678 150096
679 150096
680 150096
681 150096
682 150096
683 150096
684 150096
685 150096
686 150096
687 150096
688 150096
689 150096
690 150096
691 150096
692 150096
693 150096
694 150096
695 150096
696 150096
697 150096
698 150096
699 150096
700 150096
701 150096
702 150096
703 150096
704 150096
705 150096
706 150096
707 150096
708 150096
709 150096
710 150096
711 150096
712 150096
713 150096
714 150096
715 150096
716 150096
717 150096
718 150096
719 150096
720 150096
721 150096
722 150096
723 150096
724 150096
725 150096
726 150096
727 150096
728 150096
729 150096
730 150096
731 150096
732 150096
733 150096
734 150096
735 150096
736 150096
737 150096
738 150096
739 150096
740 150096
741 150096
742 150096
743 150096
744 150096
745 150096
746 150096
747 150096
748 150096
749 150096
750 150096
751 150096
752 150096
753 150096
754 150096
755 150096
756 150096
757 150096
758 150096
759 150096
760 150096
761 150096
762 150096
763 150096
764 150096
765 150096
766 150096
767 150096
768 150096
769 150096
770 150096
771 150096
772 150096
773 150096
774 150096
775 150096
776 150096
777 150096
778 150096
779 150096
780 150096
781 150096
782 150096
783 150096
784 150096
785 150096
786 150096
787 150096
788 150096
789 150096
790 150096
791 150096
792 150096
793 150096
794 150096
795 150096
796 150096
