1 66404
2 81136
3 81376
4 81376
5 81376
6 81376
7 81376
8 81376
9 81376
10 81376
11 81376
12 81376
13 81376
14 81376
15 81376
16 81376
17 81376
18 81376
19 81376
20 81376
21 81376
22 81376
23 81376
24 81376
25 81376
26 81376
27 81376
28 81376
29 81376
30 81376
31 81376
32 81376
33 81376
34 81376
35 81376
36 81376
37 81376
38 81376
39 81376
40 81376
41 81376
42 81376
43 81376
44 89568
45 92640
46 93656
47 93656
48 93656
49 93656
50 94680
51 95704
52 97752
53 97752
54 99800
55 101820
56 103840
57 103840
58 103840
59 103840
60 103840
61 103840
62 103840
63 106912
64 107936
65 107936
66 107936
67 107936
68 107936
69 107936
70 107936
71 107936
72 107936
73 107936
74 109080
75 109080
76 109080
77 117272
78 117272
79 125464
80 126488
81 129560
82 132632
83 133688
84 135736
85 137784
86 137784
87 137784
88 137784
89 140848
90 140848
91 140848
92 140848
93 149040
94 149040
95 149040
96 149040
97 149168
98 149168
99 154288
100 154288
101 154288
102 154288
103 154288
104 154288
105 154288
106 154288
107 154288
108 155312
109 155312
110 155312
111 155312
112 156328
113 156328
114 156328
115 156328
116 156328
117 156328
118 156328
119 156328
120 156328
121 156328
122 156328
123 156328
124 156328
125 156328
126 156328
127 156328
128 157352
129 157352
130 157352
131 157352
132 157352
133 158376
134 158376
135 158376
136 158376
137 158376
138 159400
139 159400
140 159400
141 159400
142 159400
143 159400
144 159400
145 159400
146 159400
147 159520
148 159520
149 159520
150 159520
151 159520
152 159520
153 160536
154 160536
155 160536
156 160536
157 160536
158 160536
159 160536
160 160536
161 160536
162 160536
163 160536
164 160536
165 160536
166 160536
167 160536
168 160536
169 160536
170 160536
171 160536
172 160536
173 160536
174 160536
175 160536
176 160536
177 160536
178 160536
179 160536
180 160536
181 160536
182 160536
183 160536
184 160536
185 160536
186 160536
187 160536
188 160536
189 160536
190 160536
191 160536
192 160536
193 160536
194 160536
195 160536
196 160536
197 160536
198 160536
199 160536
200 160536
201 160536
202 160536
203 160536
204 160536
205 160536
206 160536
207 160536
208 160536
209 160536
210 160536
211 160536
212 160536
213 160536
214 160536
215 160536
216 160536
217 160536
218 160536
219 160536
220 160536
221 160536
222 160536
223 160536
224 160536
225 160536
226 160536
227 160536
228 160536
229 160536
230 160536
231 160536
232 160536
233 160536
234 160536
235 160536
236 160536
237 160536
238 160536
239 160536
240 160536
241 160536
242 160536
243 160536
244 160536
245 160536
246 160536
247 160536
248 160536
249 160536
250 160536
251 160536
252 160536
253 160536
254 160536
255 160536
256 160536
257 160536
258 160536
259 160536
260 160536
261 160536
262 160536
263 160536
264 160536
265 160536
266 160536
267 160536
268 160536
269 160536
270 160536
271 160536
272 160536
273 160536
274 160536
275 160536
276 160536
277 160536
278 160536
279 160536
280 160536
281 160536
282 160536
283 160536
284 160536
285 160536
286 160536
287 160536
288 160536
289 160536
290 160536
291 160536
292 160536
293 160536
294 160536
295 160536
296 160536
297 160536
298 160536
299 160536
300 160536
301 160536
302 160536
303 160536
304 160536
305 160536
306 160536
307 160536
308 160536
309 160536
310 160536
311 160536
312 160536
313 160536
314 160536
315 160536
316 160536
317 160536
318 160536
319 160536
320 160536
321 160536
322 160536
323 160536
324 160536
325 160536
326 160536
327 160536
328 160536
329 160536
330 160536
331 160536
332 160536
333 160536
334 160536
335 160536
336 160536
337 160536
338 160536
339 160536
340 160536
341 160536
342 160536
343 160536
344 160536
345 160536
346 160536
347 160536
348 160536
349 160536
350 160536
351 160536
352 160536
353 160536
354 160536
355 160536
356 160536
357 160536
358 160536
359 160536
360 160536
361 160536
362 160536
363 160536
364 160536
365 160536
366 160536
367 160536
368 160536
369 160536
370 160536
371 160536
372 160536
373 160536
374 160536
375 160536
376 160536
377 160536
378 160536
379 160536
380 160536
381 160536
382 160536
383 160536
384 160536
385 160536
386 160536
387 160536
388 160536
389 160536
390 160536
391 160536
392 160536
393 160536
394 160536
395 160536
396 160536
397 160536
398 160536
399 160536
400 160536
401 160536
402 160536
403 160536
404 160536
405 160536
406 160536
407 160536
408 160536
409 160536
410 160536
411 160536
412 160536
413 160536
414 160536
415 160536
416 160536
417 160536
418 160536
419 160536
420 160536
421 160536
422 160536
423 160536
424 160536
425 160536
426 160536
427 160536
428 160536
429 160536
430 160536
431 160536
432 160536
433 160536
434 160536
435 160536
436 160536
437 160536
438 160536
439 160536
440 160536
441 160536
442 160536
443 160536
444 160536
445 160536
446 160536
447 160536
448 160536
449 160536
450 160536
451 160536
452 160536
453 160536
454 160536
455 160536
456 160536
457 160536
458 160536
459 160536
460 160536
461 160536
462 160536
463 160536
464 160536
465 160536
466 160536
467 160536
468 160536
469 160536
470 160536
471 160536
472 160536
473 160536
474 160536
475 160536
476 160536
477 160536
478 160536
479 160536
480 160536
481 160536
482 160536
483 160536
484 160536
485 160536
486 160536
487 160536
488 160536
489 160536
490 160536
491 160536
492 160536
493 160536
494 160536
495 160536
496 160536
497 160536
498 160536
499 160536
500 160536
501 160536
502 160536
503 160536
504 160536
505 160536
506 160536
507 160536
508 160536
509 160536
510 160536
511 160536
512 160536
513 160536
514 160536
515 160536
516 160536
517 160536
518 160536
519 160536
520 160536
521 160536
522 160536
523 160536
524 160536
525 160536
526 160536
527 160536
528 160536
529 160536
530 160536
531 160536
532 160536
533 160536
534 160536
535 160536
536 160536
537 160536
538 160536
539 160536
540 160536
541 160536
542 160536
543 160536
544 160536
545 160536
546 160536
547 160536
548 160536
549 160536
550 160536
551 160536
552 160536
553 160536
554 160536
555 160536
556 160536
557 160536
558 160536
559 160536
560 160536
561 160536
562 160536
563 160536
564 160536
565 160536
566 160536
567 160536
568 160536
569 160536
570 160536
571 160536
572 160536
573 160536
574 160536
575 160536
576 160536
577 160536
578 160536
579 160536
580 160536
581 160536
582 160536
583 160536
584 160536
585 160536
586 160536
587 160536
588 160536
589 160536
590 160536
591 160536
592 160536
593 160536
594 160536
595 160536
596 160536
597 160536
598 160536
599 160536
600 160536
601 160536
602 160536
603 160536
604 160536
605 160536
606 160536
607 160536
608 160536
609 160536
610 160536
611 160536
612 160536
613 160536
614 160536
615 160536
616 160536
617 160536
618 160536
619 160536
620 160536
621 160536
622 160536
623 160536
624 160536
625 160536
626 160536
627 160536
628 160536
629 160536
630 160536
631 160536
632 160536
633 160536
634 160536
635 160536
636 160536
637 160536
638 160536
639 160536
640 160536
641 160536
642 160536
643 160536
644 160536
645 160536
646 160536
647 160536
648 160536
649 160536
650 160536
651 160536
652 160536
653 160536
654 160536
655 160536
656 160536
657 160536
658 160536
659 160536
660 160536
661 160536
662 160536
663 160536
664 160536
665 160536
666 160536
667 160536
668 160536
669 160536
670 160536
671 160536
672 160536
673 160536
674 160536
675 160536
676 160536
677 160536
678 160536
679 160536
680 160536
681 160536
682 160536
683 160536
684 160536
685 160536
686 160536
687 160536
688 160536
689 160536
690 160536
691 160536
692 160536
693 160536
694 160536
695 160536
696 160536
697 160536
698 160536
699 160536
700 160536
701 160536
702 160536
703 160536
704 160536
705 160536
706 160536
707 160536
708 160536
709 160536
710 160536
711 160536
712 160536
713 160536
714 160536
715 160536
716 160536
717 160536
718 160536
719 160536
720 160536
721 160536
722 160536
723 160536
724 160536
725 160536
726 160536
727 160536
728 160536
729 160536
730 160536
731 160536
732 160536
733 160536
734 160536
735 160536
736 160536
737 160536
738 160536
739 160536
740 160536
741 160536
742 160536
743 160536
744 160536
745 160536
746 160536
747 160536
748 160536
749 160536
750 160536
751 160536
752 160536
753 160536
754 160536
755 160536
756 160536
757 160536
758 160536
759 160536
760 160536
761 160536
762 160536
763 160536
764 160536
765 160536
766 160536
767 160536
768 160536
769 160536
770 160536
771 160536
772 160536
773 160536
774 160536
775 160536
776 160536
777 160536
778 160536
779 160536
780 160536
781 160536
782 160536
783 160536
784 160536
785 160536
786 160536
787 160536
788 160536
789 160536
790 160536
791 160536
792 160536
793 160536
794 160536
795 160536
796 160536
797 160536
798 160536
799 160536
800 160536
801 160536
802 160536
803 160536
804 160536
805 160536
806 160536
807 160536
808 160536
809 160536
810 160536
811 160536
812 160536
813 160536
814 160536
815 160536
816 160536
817 160536
818 160536
819 160536
820 160536
821 160536
822 160536
823 160536
824 160536
825 160536
826 160536
827 160536
828 160536
829 160536
830 160536
831 160536
832 160536
833 160536
834 160536
835 160536
836 160536
837 160536
838 160536
839 160536
840 160536
841 160536
842 160536
843 160536
844 160536
845 160536
846 160536
847 160536
848 160536
849 160536
850 160536
851 160536
852 160536
853 160536
854 160536
855 160536
856 160536
857 160536
858 160536
859 160536
860 160536
861 160536
862 160536
863 160536
864 160536
865 160536
866 160536
867 160536
868 160536
869 160536
870 160536
871 160536
872 160536
873 160536
874 160536
875 160536
876 160536
877 160536
878 160536
879 160536
880 160536
881 160536
882 160536
883 160536
884 160536
885 160536
886 160536
887 160536
888 160536
889 160536
890 160536
891 160536
892 160536
893 160536
894 160536
895 160536
896 160536
897 160536
898 160536
899 160536
900 160536
901 160536
902 160536
903 160536
904 160536
905 160536
906 160536
907 160536
908 160536
909 160536
910 160536
911 160536
912 160536
913 160536
914 160536
915 160536
916 160536
917 160536
918 160536
919 160536
920 160536
921 160536
922 160536
923 160536
924 160536
925 160536
926 160536
927 160536
928 160536
929 160536
930 160536
931 160536
932 160536
933 160536
934 160536
935 160536
936 160536
937 160536
938 160536
939 160536
940 160536
941 160536
942 160536
943 160536
944 160536
945 160536
946 160536
947 160536
948 160536
949 160536
950 160536
951 160536
952 160536
953 160536
954 160536
955 160536
956 160536
957 160536
958 160536
959 160536
960 160536
961 160536
962 160536
963 160536
964 160536
965 160536
966 160536
967 160536
968 160536
969 160536
970 160536
971 160536
972 160536
973 160536
974 160536
975 160536
976 160536
977 160536
978 160536
979 160536
980 160536
981 160536
982 160536
983 160536
984 160536
985 160536
986 160536
987 160536
988 160536
989 160536
990 160536
991 160536
992 160536
993 160536
994 160536
995 160536
996 160536
997 160536
998 160536
999 160536
1000 160536
1001 160536
1002 160536
1003 160536
1004 160536
1005 160536
1006 160536
1007 160536
1008 160536
1009 160536
1010 160536
1011 160536
1012 160536
1013 160536
1014 160536
1015 160536
1016 160536
1017 160536
1018 160536
1019 160536
1020 160536
1021 160536
1022 160536
1023 160536
1024 160536
1025 160536
1026 160536
1027 160536
1028 160536
1029 160536
1030 160536
1031 160536
1032 160536
1033 160536
1034 160536
1035 160536
1036 160536
1037 160536
1038 160536
1039 160536
1040 160536
1041 160536
1042 160536
1043 160536
1044 160536
1045 160536
1046 160536
1047 160536
1048 160536
1049 160536
1050 160536
