1 66404
2 81376
3 83424
4 92640
5 94680
6 96700
7 97724
8 97724
9 97724
10 97724
11 97724
12 98748
13 98748
14 98748
15 98748
16 98748
17 98748
18 98748
19 98748
20 98748
21 98748
22 98748
23 98748
24 98748
25 98748
26 98748
27 98748
28 98748
29 98748
30 98748
31 98748
32 98748
33 98748
34 98748
35 98748
36 98748
37 98748
38 98748
39 98748
40 98748
41 98748
42 98748
43 98748
44 98748
45 98748
46 98748
47 98748
48 98748
49 98748
50 98748
51 98748
52 98748
53 98748
54 98748
55 98748
56 98748
57 98748
58 98748
59 98748
60 98748
61 98748
62 98748
63 98748
64 98748
65 98748
66 98748
67 98748
68 98748
69 98748
70 98748
71 98748
72 98748
73 98748
74 98748
75 98748
76 98748
77 98748
78 98748
79 98748
80 98748
81 98748
82 98748
83 98748
84 98748
85 98748
86 98748
87 98748
88 98748
89 98748
90 98748
91 98748
92 98748
93 98748
94 98748
95 98748
96 98748
97 98748
98 98748
99 98748
100 98748
101 98748
102 98748
103 98748
104 98748
105 98748
106 98748
107 98748
108 98748
109 98748
110 98748
111 98748
112 98748
113 98748
114 98748
115 98748
116 98748
117 98748
118 98748
119 98748
120 98748
121 98748
122 98748
123 98748
124 98748
125 98748
126 98748
127 98748
128 98748
129 98748
130 98748
131 98748
132 98748
133 98748
134 98748
135 98748
136 98748
137 98748
138 98748
139 98748
140 98748
141 98748
142 98748
143 98748
144 98748
145 98748
146 98748
147 98748
148 98748
149 98748
150 98748
151 98748
152 98748
153 98748
154 98748
155 98748
156 98748
157 98748
158 98748
159 98748
160 98748
161 98748
162 98748
163 98748
164 98748
165 98748
166 98748
167 98748
168 98748
169 98748
170 98748
171 98748
172 98748
173 98748
174 98748
175 98748
176 98748
177 98748
178 98748
179 98748
180 98748
181 98748
182 98748
183 98748
184 98748
185 98748
186 98748
187 98748
188 98748
189 98748
190 98748
191 98748
192 98748
193 98748
194 98748
195 98748
196 98748
197 98748
198 98748
199 98748
200 98748
201 98748
202 98748
203 98748
204 98748
205 98748
206 98748
207 98748
208 98748
209 98748
210 98748
211 98748
212 98748
213 98748
214 98748
215 98748
216 98748
217 98748
218 98748
219 98748
220 98748
221 98748
222 98748
223 98748
224 98748
225 98748
226 98748
227 98748
228 98748
229 98748
230 98748
231 98748
232 98748
233 98748
234 98748
235 98748
236 98748
237 98748
238 98748
239 98748
240 98748
241 98748
242 98748
243 98748
244 98748
245 98748
246 98748
247 98748
248 98748
249 98748
250 98748
251 98748
252 98748
253 98748
254 98748
255 98748
256 98748
257 98748
258 98748
259 98748
260 98748
261 98748
262 98748
263 98748
264 98748
265 98748
266 98748
267 98748
268 98748
269 98748
270 98748
271 98748
272 98748
273 98748
274 98748
275 98748
276 98748
277 98748
278 98748
279 98748
280 98748
281 98748
282 98748
283 98748
284 98748
285 98748
286 98748
287 98748
288 98748
289 98748
290 98748
291 98748
292 98748
293 98748
294 98748
295 98748
296 98748
297 98748
298 98748
299 98748
300 98748
301 98748
302 98748
303 98748
304 98748
305 98748
306 98748
307 98748
308 98748
309 98748
310 98748
311 98748
312 98748
313 98748
314 98748
315 98748
316 98748
317 98748
318 98748
319 98748
320 98748
321 98748
322 98748
323 98748
324 98748
325 98748
326 98748
327 98748
328 98748
329 98748
330 98748
331 98748
332 98748
333 98748
334 98748
335 98748
336 98748
337 98748
338 98748
339 98748
340 98748
341 98748
342 98748
343 98748
344 98748
345 98748
346 98748
347 98748
348 98748
349 98748
350 98748
351 98748
352 98748
353 98748
354 98748
355 98748
356 98748
357 98748
358 98748
359 98748
360 98748
361 98748
362 98748
363 98748
364 98748
365 98748
366 98748
367 98748
368 98748
369 98748
370 98748
371 98748
372 98748
373 98748
374 98748
375 98748
376 98748
377 98748
378 98748
379 98748
380 98748
381 98748
382 98748
383 98748
384 98748
385 98748
386 98748
387 98748
388 98748
389 98748
390 98748
391 98748
392 98748
393 98748
394 98748
395 98748
396 98748
397 98748
398 98748
399 98748
400 98748
401 98748
402 98748
403 98748
404 98748
405 98748
406 98748
407 98748
408 98748
409 98748
410 98748
411 98748
412 98748
413 98748
414 98748
415 98748
416 98748
417 98748
418 98748
419 98748
420 98748
421 98748
422 98748
423 98748
424 98748
425 98748
426 98748
427 98748
428 98748
429 98748
430 98748
431 98748
432 98748
433 98748
434 98748
435 98748
436 98748
437 98748
438 98748
439 98748
440 98748
441 98748
442 98748
443 98748
444 98748
445 98748
446 98748
447 98748
448 98748
449 98748
450 98748
451 98748
452 98748
453 98748
454 98748
455 98748
456 98748
457 98748
458 98748
459 98748
460 98748
461 98748
462 98748
463 98748
464 98748
465 98748
466 98748
467 98748
468 98748
469 98748
470 98748
471 98748
472 98748
473 98748
474 98748
475 98748
476 98748
477 98748
478 98748
479 98748
480 98748
481 98748
482 98748
483 98748
484 98748
485 98748
486 98748
487 98748
488 98748
489 98748
490 98748
491 98748
492 98748
493 98748
494 98748
495 98748
496 98748
497 98748
498 98748
499 98748
500 98748
501 98748
502 98748
503 98748
504 98748
505 98748
506 98748
507 98748
508 98748
509 98748
510 98748
511 98748
512 98748
513 98748
514 98748
515 98748
516 98748
517 98748
518 98748
519 98748
520 98748
521 98748
522 98748
523 98748
524 98748
525 98748
526 98748
527 98748
528 98748
529 98748
530 98748
531 98748
532 98748
533 98748
534 98748
535 98748
536 98748
537 98748
538 98748
539 98748
540 98748
541 98748
542 98748
543 98748
544 98748
545 98748
546 98748
547 98748
548 98748
549 98748
550 98748
551 98748
552 98748
553 98748
554 98748
555 98748
556 98748
557 98748
558 98748
559 98748
560 98748
561 98748
562 98748
563 98748
564 98748
565 98748
566 98748
567 98748
568 98748
569 98748
570 98748
571 98748
572 98748
573 98748
574 98748
575 98748
576 98748
577 98748
578 98748
579 98748
580 98748
581 98748
582 98748
583 98748
584 98748
585 98748
586 98748
587 98748
588 98748
589 98748
590 98748
591 98748
592 98748
593 98748
594 98748
595 98748
596 98748
597 98748
598 98748
599 98748
600 98748
601 98748
602 98748
603 98748
604 98748
605 98748
606 98748
607 98748
608 98748
609 98748
610 98748
611 98748
612 98748
613 98748
614 98748
615 98748
616 98748
617 98748
618 98748
619 98748
620 98748
621 98748
622 98748
623 98748
624 98748
625 98748
626 98748
627 98748
628 98748
629 98748
630 98748
631 98748
632 98748
633 98748
634 98748
635 98748
636 98748
637 98748
638 98748
639 98748
640 98748
641 98748
642 98748
643 98748
644 98748
645 98748
646 98748
647 98748
648 98748
649 98748
650 98748
651 98748
652 98748
653 98748
654 98748
655 98748
656 98748
657 98748
658 98748
659 98748
660 98748
661 98748
662 98748
663 98748
664 98748
665 98748
666 98748
667 98748
668 98748
669 98748
670 98748
671 98748
672 98748
673 98748
674 98748
675 98748
676 98748
677 98748
678 98748
679 98748
680 98748
681 98748
682 98748
683 98748
684 98748
685 98748
686 98748
687 98748
688 98748
689 98748
690 98748
691 98748
692 98748
693 98748
694 98748
695 98748
696 98748
697 98748
698 98748
699 98748
700 98748
701 98748
702 98748
703 98748
704 98748
705 98748
706 98748
707 98748
708 98748
709 98748
710 98748
711 98748
712 98748
713 98748
714 98748
715 98748
716 98748
717 98748
718 98748
719 98748
720 98748
721 98748
722 98748
723 98748
724 98748
725 98748
726 98748
727 98748
728 98748
729 98748
730 98748
731 98748
732 98748
733 98748
734 98748
735 98748
736 98748
737 98748
738 98748
739 98748
740 98748
741 98748
742 98748
743 98748
744 98748
745 98748
746 98748
747 98748
748 98748
749 98748
750 98748
751 98748
752 98748
753 98748
754 98748
755 98748
756 98748
757 98748
758 98748
759 98748
760 98748
761 98748
762 98748
763 98748
764 98748
765 98748
766 98748
767 98748
768 98748
769 98748
770 98748
771 98748
772 98748
773 98748
774 98748
775 98748
776 98748
777 98748
778 98748
779 98748
780 98748
781 98748
782 98748
783 98748
784 98748
785 98748
786 98748
787 98748
788 98748
789 98748
790 98748
791 98748
792 98748
793 98748
794 98748
795 98748
796 98748
797 98748
798 98748
799 98748
800 98748
801 98748
802 98748
803 98748
804 98748
805 98748
806 98748
807 98748
808 98748
809 98748
810 98748
811 98748
812 98748
813 98748
814 98748
815 98748
816 98748
817 98748
818 98748
819 98748
820 98748
821 98748
822 98748
823 98748
824 98748
825 98748
826 98748
827 98748
828 98748
829 98748
830 98748
831 98748
832 98748
833 98748
834 98748
835 98748
836 98748
837 98748
838 98748
839 98748
840 98748
841 98748
842 98748
843 98748
844 98748
845 98748
846 98748
847 98748
848 98748
849 98748
850 98748
851 98748
852 98748
853 98748
854 98748
855 98748
856 98748
857 98748
858 98748
859 98748
860 98748
861 98748
862 98748
863 98748
864 98748
865 98748
866 98748
867 98748
868 98748
869 98748
870 98748
871 98748
872 98748
873 98748
874 98748
875 98748
876 98748
877 98748
878 98748
879 98748
880 98748
881 98748
882 98748
883 98748
884 98748
885 98748
886 98748
887 98748
888 98748
889 98748
890 98748
891 98748
892 98748
893 98748
894 98748
895 98748
896 98748
897 98748
898 98748
899 98748
900 98748
901 98748
902 98748
903 98748
904 98748
905 98748
906 98748
907 98748
908 98748
909 98748
910 98748
911 98748
912 98748
913 98748
914 98748
915 98748
916 98748
917 98748
918 98748
919 98748
920 98748
921 98748
922 98748
923 98748
924 98748
925 98748
926 98748
927 98748
928 98748
929 98748
930 98748
931 98748
932 98748
933 98748
934 98748
935 98748
936 98748
937 98748
938 98748
939 98748
940 98748
941 98748
942 98748
943 98748
944 98748
945 98748
946 98748
947 98748
948 98748
949 98748
950 98748
951 98748
952 98748
953 98748
954 98748
955 98748
956 98748
957 98748
958 98748
959 98748
960 98748
961 98748
962 98748
963 98748
964 98748
965 98748
966 98748
967 98748
968 98748
969 98748
970 98748
971 98748
972 98748
973 98748
974 98748
975 98748
976 98748
977 98748
978 98748
979 98748
980 98748
981 98748
982 98748
983 98748
984 98748
985 98748
986 98748
987 98748
988 98748
989 98748
990 98748
991 98748
992 98748
993 98748
994 98748
995 98748
996 98748
997 98748
998 98748
999 98748
1000 98748
1001 98748
1002 98748
1003 98748
1004 98748
1005 98748
1006 98748
1007 98748
1008 98748
1009 98748
1010 98748
1011 98748
1012 98748
1013 98748
1014 98748
1015 98748
1016 98748
1017 98748
1018 98748
1019 98748
1020 98748
1021 98748
1022 98748
1023 98748
1024 98748
1025 98748
1026 98748
1027 98748
1028 98748
1029 98748
1030 98748
1031 98748
1032 98748
1033 98748
1034 98748
1035 98748
1036 98748
1037 98748
1038 98748
1039 98748
1040 98748
1041 98748
1042 98748
1043 98748
1044 98748
1045 98748
1046 98748
1047 98748
1048 98748
1049 98748
1050 98748
1051 98748
1052 98748
1053 98748
1054 98748
1055 98748
1056 98748
1057 98748
1058 98748
1059 98748
1060 98748
1061 98748
1062 98748
1063 98748
1064 98748
1065 98748
1066 98748
1067 98748
1068 98748
1069 98748
1070 98748
1071 98748
1072 98748
1073 98748
1074 98748
1075 98748
1076 98748
1077 98748
1078 98748
1079 98748
1080 98748
1081 98748
1082 98748
