1 80320
2 80320
3 80320
4 80320
5 80320
6 80320
7 80320
8 80320
9 80320
10 80320
11 80320
12 80320
13 80320
14 80320
15 80320
16 80320
17 80320
18 80320
19 80320
20 80320
21 80320
22 80320
23 80320
24 80320
25 80320
26 80320
27 80320
28 80320
29 80320
30 80320
31 80320
32 80320
33 80320
34 80320
35 80320
36 80320
37 80320
38 80320
39 80320
40 80320
41 80320
42 80320
43 80320
44 80320
45 80320
46 80320
47 80320
48 80320
49 80320
50 80320
51 80320
52 80320
53 80320
54 80320
55 80320
56 80320
57 80320
58 80320
59 80320
60 80320
61 80320
62 80320
63 80320
64 80320
65 80320
66 80320
67 80320
68 80320
69 80320
70 80320
71 80320
72 80320
73 80320
74 80320
75 80320
76 80320
77 80320
78 81344
79 91584
80 96648
81 98688
82 98688
83 98688
84 99712
85 99712
86 99712
87 99712
88 99832
89 99832
90 99832
91 99832
92 101880
93 102904
94 103928
95 103928
96 103928
97 103928
98 103928
99 103928
100 103928
101 103928
102 103928
103 103928
104 103928
105 115192
106 117272
107 119320
108 121368
109 122392
110 124440
111 126488
112 126488
113 127512
114 128536
115 128536
116 144920
117 144920
118 144920
119 144920
120 144920
121 146064
122 147088
123 147088
124 147088
125 147088
126 147088
127 147088
128 147088
129 147088
130 147088
131 147088
132 147088
133 147088
134 147088
135 147088
136 147088
137 148112
138 148112
139 148112
140 148112
141 148112
142 149136
143 151156
144 159348
145 159348
146 160364
147 160364
148 160484
149 160484
150 160484
151 160484
152 160484
153 160484
154 160484
155 160484
156 160484
157 161508
158 161508
159 161508
160 165604
161 165604
162 165604
163 165604
164 165604
165 165604
166 165604
167 165604
168 165604
169 165604
170 166628
171 166628
172 167532
173 167532
174 167532
175 167532
176 167532
177 167532
178 167532
179 167532
180 167532
181 167532
182 167532
183 167532
184 167532
185 167532
186 167532
187 167532
188 167532
189 167532
190 167532
191 167532
192 167532
193 167532
194 167532
195 167532
196 167532
197 167532
198 167532
199 167532
200 167532
201 167532
202 167532
203 167532
204 167532
205 167532
206 167532
207 167532
208 167532
209 167532
210 167532
211 167532
212 167532
213 167532
214 167532
215 167532
216 167532
217 167532
218 167532
219 167532
220 167532
221 167532
222 167532
223 167532
224 167532
225 167532
226 167532
227 167532
228 167532
229 167532
230 167532
231 167532
232 167532
233 167532
234 167532
235 167532
236 167532
237 167532
238 167532
239 167532
240 167532
241 167532
242 167532
243 167532
244 167532
245 167532
246 167532
247 167532
248 167532
249 167532
250 167532
251 167532
252 167532
253 167532
254 167532
255 167532
256 167532
257 167532
258 167532
259 167532
260 167532
261 167532
262 167532
263 167532
264 167532
265 167532
266 167532
267 167532
268 167532
269 167532
270 167532
271 167532
272 167532
273 167532
274 167532
275 167532
276 167532
277 167532
278 167532
279 167532
280 167532
281 167532
282 167532
283 167532
284 167532
285 167532
286 167532
287 167532
288 167532
289 167532
290 167532
291 167532
292 167532
293 167532
294 167532
295 167532
296 167532
297 167532
298 167532
299 167532
300 167532
301 167532
302 167532
303 167532
304 167532
305 167532
306 167532
307 167532
308 167532
309 167532
310 167532
311 167532
312 167532
313 167532
314 167532
315 167532
316 167532
317 167532
318 167532
319 167532
320 167532
321 167532
322 167532
323 167532
324 167532
325 167532
326 167532
327 167532
328 167532
329 167532
330 167532
331 167532
332 167532
333 167532
334 167532
335 167532
336 167532
337 167532
338 167532
339 167532
340 167532
341 167532
342 167532
343 167532
344 167532
345 167532
346 167532
347 167532
348 167532
349 167532
350 167532
351 167532
352 167532
353 167532
354 167532
355 167532
356 167532
357 167532
358 167532
359 167532
360 167532
361 167532
362 167532
363 167532
364 167532
365 167532
366 167532
367 167532
368 167532
369 167532
370 167532
371 167532
372 167532
373 167532
374 167532
375 167532
376 167532
377 167532
378 167532
379 167532
380 167532
381 167532
382 167532
383 167532
384 167532
385 167532
386 167532
387 167532
388 167532
389 167532
390 167532
391 167532
392 167532
393 167532
394 167532
395 167532
396 167532
397 167532
398 167532
399 167532
400 167532
401 167532
402 167532
403 167532
404 167532
405 167532
406 167532
407 167532
408 167532
409 167532
410 167532
411 167532
412 167532
413 167532
414 167532
415 167532
416 167532
417 167532
418 167532
419 167532
420 167532
421 167532
422 167532
423 167532
424 167532
425 167532
426 167532
427 167532
428 167532
429 167532
430 167532
431 167532
432 167532
433 167532
434 167532
435 167532
436 167532
437 167532
438 167532
439 167532
440 167532
441 167532
442 167532
443 167532
444 167532
445 167532
446 167532
447 167532
448 167532
449 167532
450 167532
451 167532
452 167532
453 167532
454 167532
455 167532
456 167532
457 167532
458 167532
459 167532
460 167532
461 167532
462 167532
463 167532
464 167532
465 167532
466 167532
467 167532
468 167532
469 167532
470 167532
471 167532
472 167532
473 167532
474 167532
475 167532
476 167532
477 167532
478 167532
479 167532
480 167532
481 167532
482 167532
483 167532
484 167532
485 167532
486 167532
487 167532
488 167532
489 167532
490 167532
491 167532
492 167532
493 167532
494 167532
495 167532
496 167532
497 167532
498 167532
499 167532
500 167532
501 167532
502 167532
503 167532
504 167532
505 167532
506 167532
507 167532
508 167532
509 167532
510 167532
511 167532
512 167532
513 167532
514 167532
515 167532
516 167532
517 167532
518 167532
519 167532
520 167532
521 167532
522 167532
523 167532
524 167532
525 167532
526 167532
527 167532
528 167532
529 167532
530 167532
531 167532
532 167532
533 167532
534 167532
535 167532
536 167532
537 167532
538 167532
539 167532
540 167532
541 167532
542 167532
543 167532
544 167532
545 167532
546 167532
547 167532
548 167532
549 167532
550 167532
551 167532
552 167532
553 167532
554 167532
555 167532
556 167532
557 167532
558 167532
559 167532
560 167532
561 167532
562 167532
563 167532
564 167532
565 167532
566 167532
567 167532
568 167532
569 167532
570 167532
571 167532
572 167532
573 167532
574 167532
575 167532
576 167532
577 167532
578 167532
579 167532
580 167532
581 167532
582 167532
583 167532
584 167532
585 167532
586 167532
587 167532
588 167532
589 167532
590 167532
591 167532
592 167532
593 167532
594 167532
595 167532
596 167532
597 167532
598 167532
599 167532
600 167532
601 167532
602 167532
603 167532
604 167532
605 167532
606 167532
607 167532
608 167532
609 167532
610 167532
611 167532
612 167532
613 167532
614 167532
615 167532
616 167532
617 167532
618 167532
619 167532
620 167532
621 167532
622 167532
623 167532
624 167532
625 167532
626 167532
627 167532
628 167532
629 167532
630 167532
631 167532
632 167532
633 167532
634 167532
635 167532
636 167532
637 167532
638 167532
639 167532
640 167532
641 167532
642 167532
