1 80320
2 80320
3 80320
4 80320
5 80320
6 80320
7 80320
8 80320
9 80320
10 80320
11 80320
12 80320
13 80320
14 80320
15 80320
16 80320
17 80320
18 80320
19 80320
20 80320
21 80320
22 80320
23 80320
24 80320
25 80320
26 80320
27 80320
28 80320
29 80320
30 80320
31 80320
32 80320
33 80320
34 80320
35 80320
36 80320
37 80320
38 80320
39 80320
40 80320
41 80320
42 80320
43 80320
44 80320
45 80320
46 80320
47 80320
48 80320
49 80320
50 80320
51 80320
52 80320
53 80320
54 80320
55 80320
56 80320
57 80320
58 80320
59 80320
60 80320
61 80320
62 80320
63 80320
64 80320
65 80320
66 80320
67 80320
68 80320
69 80320
70 80320
71 80320
72 80320
73 80320
74 80320
75 80320
76 80320
77 80320
78 80320
79 80320
80 80320
81 80320
82 80320
83 80320
84 80320
85 80320
86 80320
87 80320
88 80320
89 80320
90 80320
91 80320
92 80320
93 80320
94 80320
95 80320
96 80320
97 80320
98 80320
99 80320
100 80320
101 80320
102 80320
103 80320
104 80320
105 80320
106 80320
107 80320
108 80320
109 80320
110 80320
111 80320
112 80320
113 80320
114 80320
115 80320
116 80320
117 80320
118 80320
119 80320
120 80320
121 80320
122 80320
123 80320
124 80320
125 80320
126 80320
127 80320
128 80320
129 80320
130 80320
131 80320
132 80320
133 80320
134 80320
135 80320
136 80320
137 80320
138 80320
139 80320
140 80320
141 80320
142 80320
143 80320
144 80320
145 80320
146 80320
147 80320
148 80320
149 80320
150 80320
151 80320
152 80320
153 80320
154 80320
155 80320
156 80320
157 80320
158 80320
159 80320
160 80320
161 80320
162 80320
163 80320
164 80320
165 80320
166 80320
167 80320
168 80320
169 80320
170 80320
171 80320
172 80320
173 80320
174 80320
175 80320
176 80320
177 80320
178 80320
179 80320
180 80320
181 80320
182 80320
183 80320
184 80320
185 80320
186 80320
187 80320
188 80320
189 80320
190 80320
191 80320
192 80320
193 80320
194 80320
195 80320
196 80320
197 80320
198 80320
199 80320
200 80320
201 80320
202 80320
203 80320
204 80320
205 80320
206 80320
207 80320
208 80320
209 80320
210 80320
211 80320
212 80320
213 80320
214 80320
215 80320
216 80320
217 80320
218 80320
219 80320
220 80320
221 80320
222 80320
223 80320
224 80320
225 80320
226 80320
227 80320
228 80320
229 80320
230 80320
231 80320
232 80320
233 80320
234 80320
235 80320
236 80320
237 80320
238 80320
239 80320
240 80320
241 80320
242 80320
243 80320
244 80320
245 80320
246 80320
247 80320
248 80320
249 80320
250 80320
251 80320
252 80320
253 80320
254 80320
255 80320
256 80320
257 80320
258 80320
259 80320
260 80320
261 80320
262 80320
263 80320
264 80320
265 80320
266 80320
267 80320
268 80320
269 80320
270 80320
271 80320
272 80320
273 80320
274 80320
275 80320
276 80320
277 80320
278 80320
279 80320
280 80320
281 80320
282 80320
283 80320
284 80320
285 80320
286 80320
287 80320
288 80320
289 80320
290 80320
291 80320
292 80320
293 80320
294 80320
295 80320
296 80320
297 80320
298 80320
299 80320
300 80320
301 80320
302 80320
303 80320
304 80320
305 80320
306 80320
307 80320
308 80320
309 80320
310 80320
311 80320
312 80320
313 80320
314 80320
315 80320
316 80320
317 80320
318 80320
319 80320
320 80320
321 80320
322 80320
323 80320
324 80320
325 80320
326 80320
327 80320
328 80320
329 80320
330 80320
331 80320
332 80320
333 80320
334 80320
335 80320
336 80320
337 80320
338 80320
339 80320
340 80320
341 80320
342 80320
343 80320
344 80320
345 80320
346 80320
347 80320
348 80320
349 80320
350 80320
351 80320
352 80320
353 80320
354 80320
355 80320
356 80320
357 80320
358 80320
359 80320
360 80320
361 80320
362 80320
363 80320
364 80320
365 80320
366 80320
367 80320
368 80320
369 80320
370 80320
371 80320
372 80320
373 80320
374 80320
375 80320
376 80320
377 80320
378 80320
379 80320
380 80320
381 80320
382 80320
383 80320
384 80320
385 80320
386 80320
387 80320
388 80320
389 80320
390 80320
391 80320
392 80320
393 80320
394 80320
395 80320
396 80320
397 80320
398 80320
399 80320
400 80320
401 80320
402 80320
403 80320
404 80320
405 80320
406 80320
407 80320
408 80320
409 80320
410 80320
411 80320
412 80320
413 80320
414 80320
415 80320
416 80320
417 80320
418 80320
419 80320
420 80320
421 80320
422 80320
423 80320
424 80320
425 80320
426 80320
427 80320
428 80320
429 80320
430 80320
431 80320
432 80320
433 80320
434 80320
435 80320
436 80320
437 80320
438 80320
439 80320
440 80320
441 80320
442 80320
443 80320
444 80320
445 80320
446 80320
447 80320
448 80320
449 80320
450 80320
451 80320
452 80320
453 80320
454 80320
455 80320
456 80320
457 80320
458 80320
459 80320
460 80320
461 80320
462 80320
463 80320
464 80320
465 80320
466 80320
467 80320
468 80320
469 80320
470 80320
471 80320
472 80320
473 80320
474 80320
475 80320
476 80320
477 80320
478 80320
479 80320
480 80320
481 80320
482 80320
483 80320
484 80320
485 80320
486 80320
487 80320
488 80320
489 80320
490 80320
491 80320
492 80320
493 80320
494 80320
495 80320
496 81344
497 93604
498 97664
499 98688
500 98688
501 98688
502 98688
503 98688
504 98688
505 98688
506 98688
507 98688
508 98688
509 98688
510 98688
511 98688
512 98688
513 98688
514 98688
515 98688
516 98688
517 98688
518 98688
519 98688
520 98688
521 98688
522 98688
523 98688
524 98688
525 98688
526 98688
527 98688
528 98688
529 98688
530 98688
531 98688
532 98688
533 98688
534 98688
535 98688
536 98688
537 98688
538 98688
539 98688
540 98688
541 98688
542 98688
543 98688
544 98808
545 98808
546 98808
547 98808
548 98808
549 98808
550 98808
551 98808
552 98808
553 107000
554 108024
555 109048
556 109048
557 109048
558 109048
559 109048
560 109048
561 109048
562 109048
563 109048
564 109048
565 109048
566 109048
567 109048
568 109048
569 109048
570 109048
571 109048
572 109048
573 110072
574 111096
575 111096
576 112120
577 112120
578 112120
579 112120
580 112120
581 114168
582 114168
583 114168
584 114168
585 114168
586 114168
587 114168
588 114168
589 114168
590 114168
591 114168
592 114168
593 114168
594 114168
595 114168
596 114168
597 114168
598 114168
599 114168
600 114168
601 114168
602 114168
603 114168
604 114168
605 114168
606 114168
607 114168
608 114168
609 114168
610 114168
611 114168
612 114168
613 114168
614 114168
615 114168
616 114168
617 114168
618 114168
619 114168
620 114168
621 114168
622 116216
623 116216
624 116216
625 116216
626 116216
627 124408
628 124408
629 124408
630 124408
631 125432
632 125432
633 125432
634 125432
635 127096
636 127096
637 127096
638 126576
639 126576
640 126576
641 126576
642 126576
643 126576
644 126576
645 126576
646 126576
647 126576
648 126576
649 126576
650 126576
651 126576
652 126576
653 126576
654 126576
655 126576
656 126576
657 126576
658 126576
659 126576
660 126576
661 126576
662 126576
663 126576
664 126576
665 126576
666 126576
667 126576
668 126576
669 126576
670 126576
671 126576
672 126576
673 126576
674 126576
675 126576
676 126576
677 126576
678 128596
679 128596
680 128596
681 128596
682 128596
683 128716
684 128716
685 128716
686 128716
687 128716
688 128716
689 128716
690 128716
691 128716
692 128716
693 128716
694 128716
695 128716
696 128716
697 128716
698 128716
699 128716
700 128716
701 128716
702 128716
703 128716
704 128716
705 128716
706 128716
707 128716
708 128716
709 128716
710 128716
711 128716
712 128716
713 128716
714 129740
715 129740
716 129740
717 129740
718 129740
719 129740
720 129740
721 129740
722 129740
723 129740
724 129740
725 129740
726 129740
727 129740
728 129740
729 129740
730 129740
731 130764
732 130764
733 130764
734 130764
735 130764
736 130764
737 131004
738 131004
739 131004
740 131004
741 131004
742 131004
743 131004
744 131004
745 131004
746 131004
747 131004
748 131004
749 132028
750 132028
751 132028
752 132028
753 132028
754 132028
755 132028
756 132028
757 132028
758 140220
759 145340
760 145340
761 145340
762 145340
763 145340
764 145340
765 145340
766 145340
767 147360
768 147360
769 147360
770 148376
771 148376
772 148376
773 148376
774 148376
775 148376
776 148376
777 150396
778 150396
779 150396
780 150396
781 150396
782 150396
783 150396
784 150396
785 150396
786 150396
787 150396
788 150396
789 150396
790 150396
791 150396
792 150396
793 150396
794 150396
795 150396
796 150396
797 150396
798 150396
799 150396
800 150396
801 150396
802 150396
803 150396
804 150396
805 150396
806 150396
807 150396
808 150396
809 150396
810 150396
811 150396
812 150396
813 150396
814 150396
815 150396
816 150396
817 150396
818 150396
819 150396
820 150396
821 150396
822 150396
823 150396
824 150396
825 150396
826 150396
827 150396
828 150396
829 150396
830 150396
831 151420
832 151420
833 151420
834 151420
835 151420
836 151420
837 151420
838 151420
839 151420
840 151420
841 151420
842 151420
843 151420
844 151420
845 151420
846 151420
847 151420
848 151420
849 151420
850 151420
851 151420
852 151420
853 151420
854 151420
855 151420
856 151420
857 151420
858 151420
859 151420
860 151420
861 151420
862 151420
863 151420
864 151300
865 151300
866 151300
867 151300
868 151300
869 151300
870 151300
871 151300
872 151300
873 151300
874 151300
875 151300
876 151300
877 151300
878 151300
879 151300
880 151300
881 151300
882 151300
883 151300
884 151300
885 151300
886 151300
887 151300
888 151300
889 151300
890 151300
891 151300
892 151300
893 151300
894 151300
895 151300
896 151300
897 151300
898 151300
899 151300
900 151300
901 151300
902 151300
903 151300
904 151300
905 151300
906 151300
907 151300
908 151300
909 151300
910 151300
911 151300
912 151300
913 151300
914 151300
915 151300
916 151300
917 151300
918 151300
919 151300
920 151300
921 151300
922 151300
923 151300
924 151300
925 151300
926 152324
927 152324
928 152324
929 152324
930 152324
931 152324
932 152324
933 152324
934 152324
935 152324
936 152324
937 152324
938 152324
939 152324
940 152324
941 152324
942 152324
943 152324
944 152324
945 152324
946 152324
947 152324
948 152324
949 152324
950 152324
951 152324
952 152324
953 152324
954 152324
955 152324
956 152324
957 152324
958 152324
959 152324
960 152324
961 152324
962 152324
963 152324
964 152324
965 152324
966 152324
967 152324
968 152324
969 152324
970 152324
971 152324
972 152324
973 152324
974 152324
975 152324
976 152324
977 152324
978 152324
979 153348
980 153348
981 153348
982 153348
983 153348
984 153348
985 153348
986 153348
987 153348
988 153348
989 153348
990 153348
991 153348
992 153348
993 153348
994 153348
995 153348
996 153348
997 153348
998 153348
999 153348
1000 153348
1001 153348
1002 153348
1003 153348
1004 153348
1005 153348
1006 153348
1007 153348
1008 153348
1009 153348
1010 153348
1011 153348
1012 153348
1013 153348
1014 153348
1015 153348
1016 153348
1017 153348
1018 153348
1019 153348
1020 153348
1021 153348
1022 153348
1023 153348
1024 153348
1025 153348
1026 153348
1027 153348
1028 153348
1029 153348
1030 153348
1031 153348
1032 153348
1033 153348
1034 153348
1035 153348
1036 153348
1037 153348
1038 153348
1039 153348
1040 153348
1041 153348
1042 153348
1043 153348
1044 153348
1045 153348
1046 153348
1047 153348
1048 153348
1049 153348
1050 153348
1051 153348
1052 153348
1053 153348
1054 153348
1055 153348
1056 153348
1057 153348
1058 153348
1059 153348
1060 153348
1061 153348
1062 153348
1063 153348
1064 153348
1065 153348
1066 153348
1067 153348
1068 153348
1069 153348
1070 153348
1071 153348
1072 153348
1073 153348
1074 153348
1075 153348
1076 153348
1077 153348
1078 153348
