1 80112
2 80352
3 80352
4 80352
5 80352
6 80352
7 80352
8 80352
9 80352
10 80352
11 80352
12 80352
13 80352
14 80352
15 80352
16 80352
17 80352
18 80352
19 80352
20 80352
21 80352
22 80352
23 80352
24 80352
25 80352
26 80352
27 80352
28 80352
29 80352
30 80352
31 80352
32 80352
33 80352
34 80352
35 80352
36 80352
37 80352
38 80352
39 80352
40 80352
41 80352
42 80352
43 80352
44 80352
45 80352
46 80352
47 80352
48 80352
49 80352
50 80352
51 80352
52 80352
53 80352
54 80352
55 80352
56 80352
57 80352
58 80352
59 80352
60 80352
61 80352
62 80352
63 80352
64 80352
65 80352
66 80352
67 80352
68 80352
69 80352
70 80352
71 80352
72 80352
73 80352
74 80352
75 80352
76 80352
77 80352
78 80352
79 80352
80 80352
81 80352
82 80352
83 80352
84 80352
85 80352
86 80352
87 80352
88 80352
89 80352
90 80352
91 80352
92 80352
93 80352
94 80352
95 80352
96 80352
97 80352
98 80352
99 80352
100 80352
101 80352
102 80352
103 80352
104 80352
105 80352
106 80352
107 80352
108 80352
109 80352
110 80352
111 80352
112 80352
113 80352
114 80352
115 80352
116 80352
117 80352
118 80352
119 80352
120 80352
121 80352
122 80352
123 80352
124 80352
125 80352
126 80352
127 80352
128 80352
129 80352
130 80352
131 80352
132 80352
133 80352
134 80352
135 80352
136 80352
137 80352
138 80352
139 80352
140 80352
141 80352
142 80352
143 80352
144 80352
145 80352
146 80352
147 80352
148 80352
149 80352
150 80352
151 80352
152 80352
153 80352
154 80352
155 80352
156 80352
157 80352
158 80352
159 80352
160 80352
161 80352
162 80352
163 80352
164 80352
165 80352
166 80352
167 80352
168 80352
169 80352
170 80352
171 80352
172 80352
173 80352
174 80352
175 80352
176 80352
177 80352
178 80352
179 80352
180 80352
181 80352
182 80352
183 80352
184 80352
185 80352
186 80352
187 80352
188 80352
189 80352
190 80352
191 80352
192 80352
193 80352
194 80352
195 80352
196 80352
197 80352
198 80352
199 80352
200 80352
201 80352
202 80352
203 80352
204 80352
205 80352
206 80352
207 80352
208 80352
209 80352
210 80352
211 80352
212 80352
213 80352
214 80352
215 80352
216 80352
217 80352
218 80352
219 80352
220 80352
221 80352
222 80352
223 80352
224 80352
225 80352
226 80352
227 80352
228 80352
229 80352
230 80352
231 80352
232 80352
233 80352
234 80352
235 80352
236 80352
237 80352
238 80352
239 80352
240 80352
241 80352
242 80352
243 80352
244 80352
245 80352
246 80352
247 80352
248 80352
249 80352
250 80352
251 80352
252 80352
253 80352
254 80352
255 80352
256 80352
257 80352
258 80352
259 80352
260 80352
261 80352
262 80352
263 80352
264 80352
265 80352
266 80352
267 80352
268 80352
269 80352
270 80352
271 80352
272 80352
273 80352
274 80352
275 80352
276 80352
277 80352
278 80352
279 80352
280 80352
281 80352
282 80352
283 80352
284 80352
285 80352
286 80352
287 80352
288 80352
289 80352
290 80352
291 80352
292 80352
293 80352
294 80352
295 80352
296 80352
297 80352
298 80352
299 80352
300 80352
301 80352
302 80352
303 80352
304 80352
305 80352
306 80352
307 80352
308 80352
309 80352
310 80352
311 80352
312 80352
313 80352
314 80352
315 80352
316 80352
317 80352
318 80352
319 80352
320 80352
321 80352
322 80352
323 80352
324 80352
325 80352
326 80352
327 80352
328 80352
329 80352
330 80352
331 80352
332 80352
333 80352
334 80352
335 80352
336 80352
337 80352
338 80352
339 80352
340 80352
341 80352
342 80352
343 80352
344 80352
345 80352
346 80352
347 80352
348 80352
349 80352
350 80352
351 80352
352 80352
353 80352
354 91616
355 96680
356 97696
357 98720
358 98720
359 98720
360 98720
361 98720
362 98720
363 98720
364 98720
365 98720
366 98720
367 98720
368 98720
369 98720
370 98720
371 98720
372 98720
373 98720
374 98720
375 98720
376 98720
377 98720
378 98720
379 98720
380 98720
381 98720
382 98720
383 98720
384 98720
385 98720
386 98720
387 98720
388 98720
389 98720
390 98720
391 98720
392 98720
393 98720
394 98720
395 98720
396 98720
397 98720
398 98720
399 98720
400 98720
401 98720
402 98720
403 98720
404 98720
405 98720
406 98720
407 98720
408 98720
409 98720
410 98720
411 98720
412 98720
413 98720
414 98720
415 98720
416 98720
417 98720
418 98720
419 98720
420 98720
421 98720
422 98720
423 98720
424 98720
425 98720
426 98720
427 98720
428 98720
429 98720
430 98720
431 98720
432 98720
433 98720
434 98720
435 98720
436 98720
437 98720
438 98720
439 98720
440 98720
441 98720
442 98720
443 98720
444 98720
445 98720
446 98720
447 98720
448 98720
449 98720
450 98720
451 98720
452 98720
453 98720
454 98720
455 98720
456 98720
457 98720
458 98720
459 98720
460 98720
461 98720
462 98720
463 98720
464 98720
465 98720
466 98720
467 98720
468 98720
469 98720
470 98720
471 98720
472 98720
473 98720
474 98720
475 98720
476 98720
477 98720
478 98720
479 98720
480 98720
481 98720
482 98720
483 98720
484 98720
485 98720
486 98720
487 98720
488 98720
489 98720
490 98720
491 98720
492 98720
493 98720
494 98720
495 98720
496 98720
497 98720
498 98720
499 98720
500 98720
501 98720
502 98720
503 98720
504 98720
505 98720
506 98720
507 98720
508 98720
509 98720
510 98720
511 98720
512 98720
513 98720
514 98720
515 98720
516 98720
517 98720
518 98720
519 98720
520 98720
521 98720
522 98720
523 98720
524 98720
525 98840
526 98840
527 98840
528 98840
529 98840
530 98840
531 98840
532 98840
533 98840
534 98840
535 98840
536 98840
537 98840
538 98840
539 98840
540 98840
541 98840
542 98840
543 98840
544 98840
545 98840
546 98840
547 98840
548 98840
549 98840
550 98840
551 98840
552 98840
553 98840
554 98840
555 98840
556 98840
557 98840
558 98840
559 98840
560 98840
561 98840
562 98840
563 98840
564 98840
565 98840
566 98840
567 98840
568 98840
569 98840
570 98840
571 98840
572 98840
573 98840
574 98840
575 98840
576 98840
577 98840
578 98840
579 98840
580 98840
581 98840
582 98840
583 98840
584 98840
585 98840
586 98840
587 98840
588 98840
589 98840
590 98840
591 98840
592 98840
593 98840
594 98840
595 98840
596 98840
597 98840
598 98840
599 98840
600 98840
601 98840
602 98840
603 98840
604 98840
605 98840
606 98840
607 98840
608 98840
609 98840
610 98840
611 98840
612 98840
613 98840
614 98840
615 98840
616 98840
617 98840
618 98840
619 98840
620 98840
621 98840
622 98840
623 98840
624 98840
625 98840
626 98840
627 98840
628 98840
629 98840
630 98840
631 98840
632 98840
633 98840
634 98840
635 98840
636 98840
637 108056
638 109080
639 109080
640 109080
641 109080
642 110104
643 118296
644 118296
645 120344
646 122364
647 122364
648 122364
649 122364
650 122364
651 122364
652 122364
653 122364
654 122364
655 122364
656 122364
657 122364
658 122364
659 122364
660 122364
661 122364
662 122364
663 122364
664 122364
665 122364
666 122364
667 122364
668 122364
669 122364
670 122364
671 122364
672 122364
673 122364
674 122364
675 122364
676 122364
677 122364
678 122364
679 123388
680 123388
681 123388
682 123388
683 123388
684 123388
685 123388
686 123388
687 123388
688 123388
689 123388
690 123388
691 123388
692 123388
693 123388
694 123388
695 123388
696 123508
697 123508
698 123508
699 123508
700 123508
701 123508
702 123508
703 123508
704 123508
705 123508
706 123508
707 123508
708 123508
709 123508
710 123508
711 123508
712 123508
713 123508
714 123508
715 123508
716 123508
717 123508
718 123508
719 123508
720 123508
721 123508
722 123508
723 123508
724 125556
725 126580
726 126580
727 126580
728 126580
729 126580
730 126580
731 126580
732 126580
733 126580
734 126580
735 127604
736 127604
737 127604
738 127604
739 127604
740 127604
741 127604
742 127604
743 127604
744 127604
745 127604
746 127604
747 127604
748 127604
749 127604
750 127604
751 127604
752 127604
753 127604
754 127604
755 127604
756 127604
757 127604
758 127604
759 127604
760 127604
761 127604
762 127604
763 127604
764 127604
765 127604
766 127604
767 127604
768 127604
769 127604
770 127604
771 127604
772 127604
773 127604
774 127604
775 127604
776 127604
777 128628
778 128628
779 129644
780 129644
781 129644
782 129644
783 129644
784 129644
785 129644
786 129644
787 129644
788 129644
789 129644
790 129644
791 129644
792 129644
793 130668
794 130668
795 130668
796 130668
797 130668
798 130668
799 130668
800 130668
801 130668
802 130668
803 130668
804 130668
805 130668
806 130668
807 130668
808 130668
809 130668
810 130668
811 130668
812 130668
813 130668
814 130668
815 130668
816 130668
817 130668
818 130668
819 130668
820 130668
821 130668
822 130668
823 130668
824 130668
825 130668
826 130668
827 130668
828 130668
829 130668
830 130668
831 130668
832 130668
833 130668
834 130668
835 130668
836 130668
837 130668
838 130668
839 130668
840 130668
841 130668
842 130668
843 130668
844 130668
845 130668
846 130668
847 130668
848 130668
849 130668
850 130668
851 130668
852 130668
853 130668
854 130668
855 130668
856 130668
857 130668
858 130668
859 130668
860 130668
861 130668
862 130668
863 130668
864 130668
865 130668
866 130668
867 130668
868 130668
869 130668
870 130668
871 130668
872 130668
873 130668
874 130668
875 130668
876 130668
877 130668
878 130668
879 130668
880 130668
881 130668
882 130668
883 130668
884 130668
885 130668
886 130668
887 130668
888 130668
889 130668
890 130668
891 130668
892 130668
893 130668
894 130668
895 130668
896 130668
897 130668
898 130668
899 130668
900 130668
901 130668
902 130668
903 130668
904 130668
905 130668
906 130668
907 130668
908 130668
909 130668
910 130668
911 130668
912 130668
913 130668
914 132688
915 132688
916 135732
917 136756
918 136756
919 136756
920 137780
921 138796
922 143020
923 143020
924 143020
925 151212
926 152236
927 161452
928 165292
929 165292
930 165292
931 165292
932 165292
933 165292
934 165292
935 165292
936 165292
937 161452
938 161452
939 161452
940 161452
941 161452
942 161452
943 161452
944 161452
945 161452
946 161452
947 161452
948 161452
949 161452
950 161452
951 161452
952 161452
953 161452
954 161452
955 161452
956 161452
957 161452
958 161452
959 161452
960 161452
961 161452
962 161452
963 161452
964 161452
965 161452
966 161452
967 161452
968 161452
969 161452
970 161452
971 161452
972 161452
973 161452
974 161452
975 161452
976 161452
977 161452
978 161452
979 161452
980 161452
981 161452
982 161452
983 161452
984 161452
985 161452
986 161452
987 161452
988 161452
989 161452
990 161452
991 161452
992 161452
993 161452
994 161452
995 161452
996 161452
997 161452
998 161452
999 161452
1000 161452
1001 161452
1002 161452
1003 161452
1004 161452
1005 161452
1006 161452
1007 161452
1008 161452
1009 161452
1010 161452
1011 161452
1012 161452
1013 161452
1014 161452
1015 161452
1016 161452
1017 161452
1018 161452
1019 161452
1020 161452
1021 161452
1022 161452
1023 161452
1024 161452
1025 161452
1026 161452
1027 161452
1028 161452
1029 161452
1030 161452
1031 161452
1032 161452
1033 161452
1034 161452
1035 161452
1036 161452
1037 161452
1038 161452
1039 161452
1040 161452
1041 161452
1042 161452
1043 161452
1044 161452
1045 161452
1046 161452
1047 161452
1048 161452
1049 161452
1050 161452
1051 161452
1052 161452
1053 161452
1054 161452
1055 161452
1056 161452
1057 161452
1058 161452
1059 161452
1060 161452
1061 161452
1062 161452
1063 161452
1064 161452
1065 161452
1066 161452
1067 161452
1068 161452
1069 161452
1070 161452
1071 161452
1072 161452
1073 161452
1074 161452
1075 161452
1076 161452
1077 161452
1078 161452
1079 161452
1080 161452
1081 161452
1082 161452
1083 161452
1084 161452
1085 161452
1086 161452
1087 161452
1088 161452
1089 161452
1090 161452
1091 161452
1092 161452
1093 161452
1094 161452
1095 161452
1096 161452
1097 161452
1098 161452
1099 161452
1100 161452
1101 161452
1102 161452
1103 161452
