1 80320
2 80320
3 80320
4 80320
5 80320
6 80320
7 80320
8 80320
9 80320
10 80320
11 80320
12 80320
13 80320
14 80320
15 80320
16 80320
17 80320
18 80320
19 80320
20 80320
21 80320
22 80320
23 80320
24 80320
25 80320
26 80320
27 80320
28 80320
29 80320
30 80320
31 80320
32 80320
33 80320
34 80320
35 80320
36 80320
37 80320
38 80320
39 80320
40 80320
41 80320
42 80320
43 80320
44 80320
45 80320
46 80320
47 80320
48 80320
49 80320
50 80320
51 80320
52 80320
53 80320
54 80320
55 80320
56 80320
57 80320
58 80320
59 80320
60 80320
61 80320
62 80320
63 80320
64 80320
65 80320
66 80320
67 80320
68 80320
69 80320
70 80320
71 80320
72 80320
73 80320
74 80320
75 80320
76 80320
77 80320
78 80320
79 80320
80 80320
81 80320
82 80320
83 80320
84 80320
85 80320
86 80320
87 80320
88 80320
89 80320
90 80320
91 80320
92 80320
93 80320
94 80320
95 80320
96 80320
97 80320
98 80320
99 80320
100 80320
101 80320
102 80320
103 80320
104 80320
105 80320
106 80320
107 80320
108 80320
109 80320
110 80320
111 80320
112 80320
113 80320
114 80320
115 80320
116 80320
117 80320
118 80320
119 80320
120 80320
121 80320
122 80320
123 80320
124 80320
125 80320
126 80320
127 80320
128 80320
129 80320
130 80320
131 80320
132 80320
133 80320
134 80320
135 80320
136 80320
137 80320
138 80320
139 80320
140 80320
141 80320
142 80320
143 80320
144 80320
145 80320
146 80320
147 80320
148 80320
149 80320
150 80320
151 80320
152 80320
153 80320
154 80320
155 80320
156 80320
157 80320
158 80320
159 80320
160 80320
161 80320
162 80320
163 80320
164 80320
165 80320
166 80320
167 80320
168 80320
169 80320
170 80320
171 80320
172 80320
173 80320
174 80320
175 80320
176 80320
177 80320
178 80320
179 80320
180 80320
181 80320
182 80320
183 80320
184 80320
185 80320
186 80320
187 80320
188 80320
189 80320
190 80320
191 80320
192 80320
193 80320
194 80320
195 80320
196 80320
197 80320
198 80320
199 80320
200 80320
201 80320
202 80320
203 80320
204 80320
205 80320
206 80320
207 80320
208 80320
209 80320
210 80320
211 80320
212 80320
213 80320
214 80320
215 80320
216 80320
217 80320
218 80320
219 80320
220 80320
221 80320
222 80320
223 80320
224 80320
225 80320
226 80320
227 80320
228 80320
229 80320
230 80320
231 80320
232 80320
233 80320
234 80320
235 80320
236 80320
237 80320
238 80320
239 80320
240 80320
241 80320
242 80320
243 80320
244 80320
245 80320
246 80320
247 80320
248 80320
249 80320
250 80320
251 80320
252 80320
253 80320
254 80320
255 80320
256 80320
257 80320
258 80320
259 80320
260 80320
261 80320
262 80320
263 80320
264 80320
265 80320
266 80320
267 80320
268 80320
269 80320
270 80320
271 80320
272 80320
273 80320
274 80320
275 80320
276 80320
277 80320
278 80320
279 80320
280 80320
281 80320
282 80320
283 80320
284 80320
285 80320
286 80320
287 80320
288 80320
289 80320
290 80320
291 80320
292 80320
293 80320
294 80320
295 80320
296 80320
297 80320
298 80320
299 80320
300 80320
301 80320
302 80320
303 80320
304 80320
305 80320
306 80320
307 80320
308 80320
309 80320
310 80320
311 80320
312 80320
313 80320
314 80320
315 80320
316 80320
317 80320
318 80320
319 80320
320 80320
321 80320
322 80320
323 80320
324 80320
325 80320
326 80320
327 80320
328 80320
329 80320
330 80320
331 80320
332 80320
333 80320
334 80320
335 80320
336 80320
337 80320
338 80320
339 80320
340 80320
341 80320
342 80320
343 80320
344 80320
345 80320
346 80320
347 80320
348 80320
349 80320
350 80320
351 80320
352 80320
353 80320
354 80320
355 80320
356 80320
357 80320
358 80320
359 80320
360 80320
361 80320
362 80320
363 80320
364 80320
365 80320
366 80320
367 80320
368 80320
369 80320
370 80320
371 80320
372 80320
373 80320
374 80320
375 80320
376 80320
377 80320
378 80320
379 80320
380 80320
381 80320
382 80320
383 80320
384 80320
385 80320
386 80320
387 80320
388 80320
389 80320
390 80320
391 80320
392 80320
393 80320
394 80320
395 80320
396 80320
397 80320
398 80320
399 80320
400 80320
401 80320
402 80320
403 80320
404 80320
405 80320
406 80320
407 80320
408 80320
409 80320
410 80320
411 80320
412 80320
413 80320
414 80320
415 80320
416 80320
417 80320
418 80320
419 80320
420 80320
421 80320
422 80320
423 80320
424 80320
425 80320
426 80320
427 80320
428 80320
429 80320
430 80320
431 80320
432 80320
433 80320
434 80320
435 80320
436 80320
437 80320
438 80320
439 80320
440 80320
441 80320
442 80320
443 80320
444 80320
445 80320
446 80320
447 80320
448 80320
449 80320
450 80320
451 80320
452 80320
453 80320
454 80320
455 80320
456 80320
457 80320
458 80320
459 80320
460 80320
461 80320
462 80320
463 80320
464 80320
465 80320
466 80320
467 80320
468 80320
469 80320
470 80320
471 80320
472 80320
473 80320
474 80320
475 80320
476 80320
477 80320
478 80320
479 80320
480 80320
481 80320
482 91584
483 97664
484 97664
485 98688
486 98688
487 98688
488 98688
489 98688
490 98688
491 98688
492 98688
493 98688
494 98688
495 98688
496 98688
497 98688
498 98688
499 98688
500 98688
501 98688
502 98688
503 98688
504 98688
505 98688
506 98688
507 98688
508 98688
509 98688
510 98688
511 98688
512 98688
513 98688
514 98688
515 98688
516 98688
517 98688
518 98688
519 98688
520 98688
521 98688
522 98688
523 98688
524 98688
525 98688
526 98688
527 98688
528 98688
529 98688
530 98688
531 98688
532 98688
533 98688
534 98688
535 98688
536 98688
537 98688
538 98688
539 98688
540 98688
541 98688
542 98688
543 98688
544 98688
545 98688
546 98688
547 98688
548 98688
549 98688
550 98688
551 98808
552 100320
553 98808
554 98808
555 98808
556 98808
557 98808
558 98808
559 98808
560 98808
561 98808
562 98808
563 98808
564 98808
565 108056
566 108056
567 108056
568 108056
569 108056
570 108056
571 108056
572 108056
573 108056
574 108056
575 108056
576 108056
577 108056
578 108056
579 108056
580 108056
581 108056
582 108056
583 108056
584 108056
585 110160
586 110160
587 110160
588 110160
589 108056
590 113120
591 113120
592 113120
593 113120
594 113120
595 114144
596 114144
597 114144
598 115168
599 117216
600 118240
601 118240
602 118240
603 118240
604 120288
605 120288
606 120288
607 120288
608 120288
609 120288
610 120288
611 121312
612 121312
613 121312
614 121312
615 121312
616 121312
617 121312
618 121312
619 121312
620 121312
621 121312
622 121312
623 121312
624 121312
625 121312
626 121312
627 121312
628 121312
629 121312
630 122336
631 130528
632 131552
633 131552
634 131552
635 131552
636 133592
637 133592
638 133592
639 133592
640 134616
641 134616
642 134616
643 134616
644 134616
645 134616
646 134616
647 134616
648 134616
649 134616
650 134616
651 135640
652 135640
653 135640
654 143832
655 143832
656 143832
657 144856
658 144856
659 144856
660 144856
661 148952
662 148952
663 148952
664 148952
665 148952
666 148952
667 148952
668 148952
669 148952
670 148952
671 148952
672 148952
673 148952
674 148952
675 148952
676 148952
677 148952
678 148952
679 148952
680 148952
681 148952
682 148952
683 148952
684 148952
685 148952
686 148952
687 148952
688 148952
689 148952
690 148952
691 148952
692 148952
693 148952
694 148952
695 148952
696 148952
697 148952
698 148952
699 148952
700 148952
701 148952
702 148952
703 148952
704 148952
705 148952
706 148952
707 148952
708 148952
709 148952
710 148952
711 148952
712 148952
713 148952
714 148952
715 148952
716 148952
717 148952
718 148952
719 148952
720 148952
721 148952
722 148952
723 148952
724 148952
725 148952
726 148952
727 148952
728 148952
729 148952
730 148952
731 148952
732 148952
733 148952
734 148952
735 148952
736 148952
737 148952
738 148952
739 148952
740 148952
741 148952
742 148952
743 148952
744 148952
745 148952
746 148952
747 148952
748 148952
749 148952
750 148952
751 148952
752 148952
753 148952
754 148952
755 148952
756 148952
757 148952
758 148952
759 148952
760 148952
761 148952
762 148952
763 148952
764 148952
765 148952
766 148952
767 148952
768 148952
769 148952
770 148952
771 148952
772 148952
773 149072
774 149072
775 149072
776 149072
777 149072
778 149072
779 149072
780 149072
781 149072
782 149072
783 149072
784 149072
785 149072
786 149072
787 149072
788 149072
789 149072
790 149072
791 149072
792 149072
793 149072
794 149072
795 149072
796 149072
797 149072
798 149072
799 149072
800 149072
801 149072
802 149072
803 149072
804 149072
805 149072
806 149072
807 149072
808 149072
809 149072
810 149072
811 149072
812 149072
813 149072
814 149072
815 149072
816 149072
817 149072
818 149072
819 149072
820 149072
821 149072
822 149072
823 149072
824 149072
825 149072
826 149072
827 149072
828 149072
829 149072
830 149072
831 149072
832 149072
833 149072
834 149072
835 149072
836 149072
837 149072
838 149072
839 149072
840 149072
841 149072
842 149072
843 149072
844 149072
845 149072
846 149072
847 149072
848 149072
849 149072
850 149072
851 149072
852 149072
853 149072
854 149072
855 149072
856 149072
857 149072
858 149072
859 149072
860 149072
861 149072
862 149072
863 149072
864 149072
865 149072
866 149072
867 149072
868 149072
869 149072
870 149072
871 149072
872 149072
873 149072
874 149072
875 149072
876 149072
877 149072
878 149072
879 149072
880 149072
881 149072
882 149072
883 149072
884 149072
885 149072
886 149072
887 149072
888 149072
889 149072
890 149072
891 149072
892 149072
893 149072
894 149072
895 149072
896 149072
897 149072
898 149072
899 149072
900 150096
901 150096
902 150096
903 150096
904 150096
905 150096
906 150096
907 150096
908 150096
909 150096
910 150096
911 150096
912 150096
913 150096
914 150096
915 150096
916 150096
917 150096
918 150096
919 150096
920 150096
921 150096
922 150096
923 150096
924 150096
925 150096
926 150096
927 150096
928 150096
929 150096
930 150096
931 150096
932 150096
933 150096
934 150096
935 150096
936 150096
937 150096
938 150096
939 150096
940 150096
941 150096
942 150096
943 150096
944 150096
945 150096
946 150096
947 150096
948 150096
949 150096
950 150096
951 150096
952 150096
953 150096
954 150096
955 150096
956 150096
957 150096
958 150096
959 150096
960 150096
961 150096
962 150096
963 150096
964 150096
965 150096
966 150096
967 150096
968 150096
969 150096
970 150096
971 150096
972 150096
973 150096
974 150096
975 150096
976 150096
977 150096
978 150096
979 150096
980 150096
981 150096
982 150096
983 150096
984 150096
985 150096
986 150096
987 150096
988 150096
989 150096
990 150096
991 150096
992 150096
993 150096
994 150096
995 150096
996 150096
997 150096
998 150096
999 150096
1000 150096
1001 150096
1002 150096
1003 150096
1004 150096
1005 150096
1006 150096
1007 150096
1008 150096
1009 150096
1010 150096
1011 150096
1012 150096
1013 150096
1014 150096
1015 150096
1016 150096
1017 150096
1018 150096
1019 150096
1020 150096
1021 150096
1022 150096
1023 150096
1024 150096
1025 150096
1026 150096
1027 150096
1028 150096
1029 150096
1030 150096
1031 150096
1032 150096
1033 150096
1034 150096
1035 150096
1036 150096
1037 150096
1038 150096
1039 150096
1040 150096
1041 150096
1042 150096
1043 150096
1044 150096
1045 150096
1046 150096
1047 150096
1048 150096
1049 150096
1050 150096
1051 150096
1052 150096
1053 150096
1054 150096
1055 150096
1056 150096
1057 150096
1058 150096
1059 150096
1060 150096
1061 150096
1062 150096
1063 150096
1064 150096
1065 150096
1066 150096
1067 150096
1068 150096
1069 150096
1070 150096
1071 150096
1072 150096
1073 150096
1074 150096
1075 150096
1076 150096
1077 150096
1078 150096
1079 150096
1080 150096
1081 150096
1082 150096
1083 150096
1084 150096
1085 150096
1086 150096
1087 150096
1088 150096
1089 150096
1090 150096
1091 150096
1092 150096
1093 150096
1094 150096
1095 150096
1096 150096
1097 150096
1098 150096
1099 150096
1100 150096
1101 150096
