1 80320
2 80320
3 80320
4 80320
5 80320
6 80320
7 80320
8 80320
9 80320
10 80320
11 80320
12 80320
13 80320
14 80320
15 80320
16 80320
17 80320
18 80320
19 80320
20 80320
21 80320
22 80320
23 80320
24 80320
25 80320
26 80320
27 80320
28 80320
29 80320
30 80320
31 80320
32 80320
33 80320
34 80320
35 80320
36 80320
37 80320
38 80320
39 80320
40 80320
41 80320
42 80320
43 80320
44 80320
45 80320
46 80320
47 80320
48 80320
49 80320
50 80320
51 80320
52 80320
53 80320
54 80320
55 80320
56 80320
57 80320
58 80320
59 80320
60 80320
61 80320
62 80320
63 80320
64 80320
65 80320
66 80320
67 80320
68 80320
69 80320
70 80320
71 80320
72 80320
73 80320
74 80320
75 80320
76 80320
77 80320
78 80320
79 80320
80 80320
81 80320
82 80320
83 80320
84 80320
85 80320
86 80320
87 80320
88 80320
89 80320
90 80320
91 80320
92 80320
93 80320
94 80320
95 80320
96 80320
97 80320
98 80320
99 80320
100 80320
101 80320
102 80320
103 80320
104 80320
105 80320
106 80320
107 80320
108 80320
109 80320
110 80320
111 80320
112 80320
113 80320
114 80320
115 80320
116 80320
117 80320
118 80320
119 80320
120 80320
121 80320
122 80320
123 80320
124 80320
125 80320
126 80320
127 80320
128 80320
129 80320
130 80320
131 80320
132 80320
133 80320
134 80320
135 80320
136 80320
137 80320
138 80320
139 80320
140 80320
141 80320
142 80320
143 80320
144 80320
145 80320
146 80320
147 80320
148 80320
149 80320
150 80320
151 80320
152 80320
153 80320
154 80320
155 80320
156 80320
157 80320
158 80320
159 80320
160 80320
161 80320
162 80320
163 80320
164 80320
165 80320
166 80320
167 80320
168 80320
169 80320
170 80320
171 80320
172 80320
173 80320
174 80320
175 80320
176 80320
177 80320
178 80320
179 80320
180 80320
181 80320
182 80320
183 80320
184 80320
185 80320
186 80320
187 80320
188 80320
189 80320
190 80320
191 80320
192 80320
193 80320
194 80320
195 80320
196 80320
197 80320
198 80320
199 80320
200 80320
201 80320
202 80320
203 80320
204 80320
205 80320
206 80320
207 80320
208 80320
209 80320
210 80320
211 80320
212 80320
213 80320
214 80320
215 80320
216 80320
217 80320
218 80320
219 80320
220 80320
221 80320
222 80320
223 80320
224 80320
225 80320
226 80320
227 80320
228 80320
229 80320
230 80320
231 80320
232 80320
233 80320
234 80320
235 80320
236 80320
237 80320
238 80320
239 80320
240 80320
241 80320
242 80320
243 80320
244 80320
245 80320
246 80320
247 80320
248 80320
249 80320
250 80320
251 80320
252 80320
253 80320
254 80320
255 80320
256 80320
257 80320
258 80320
259 80320
260 80320
261 80320
262 80320
263 80320
264 80320
265 80320
266 80320
267 80320
268 80320
269 80320
270 80320
271 80320
272 80320
273 80320
274 80320
275 80320
276 80320
277 80320
278 80320
279 80320
280 80320
281 80320
282 80320
283 80320
284 80320
285 80320
286 80320
287 80320
288 80320
289 80320
290 80320
291 80320
292 80320
293 80320
294 80320
295 80320
296 80320
297 80320
298 80320
299 80320
300 80320
301 80320
302 80320
303 80320
304 80320
305 80320
306 80320
307 80320
308 80320
309 80320
310 80320
311 80320
312 80320
313 80320
314 80320
315 80320
316 80320
317 80320
318 80320
319 80320
320 80320
321 80320
322 80320
323 80320
324 80320
325 80320
326 80320
327 80320
328 80320
329 80320
330 80320
331 80320
332 80320
333 80320
334 80320
335 80320
336 80320
337 80320
338 80320
339 80320
340 80320
341 80320
342 80320
343 80320
344 80320
345 80320
346 80320
347 80320
348 80320
349 80320
350 80320
351 80320
352 80320
353 80320
354 80320
355 80320
356 80320
357 80320
358 80320
359 80320
360 80320
361 80320
362 80320
363 80320
364 80320
365 80320
366 80320
367 80320
368 80320
369 80320
370 80320
371 80320
372 80320
373 80320
374 80320
375 80320
376 80320
377 80320
378 80320
379 80320
380 80320
381 80320
382 80320
383 80320
384 80320
385 80320
386 80320
387 80320
388 80320
389 80320
390 80320
391 80320
392 80320
393 80320
394 80320
395 80320
396 80320
397 83424
398 94660
399 95676
400 96700
401 96700
402 96700
403 96700
404 96700
405 96700
406 96700
407 96700
408 96700
409 96700
410 96700
411 96700
412 96700
413 96700
414 96700
415 96700
416 96700
417 96700
418 96700
419 96700
420 96700
421 96700
422 96700
423 96700
424 96700
425 96700
426 96700
427 96700
428 96700
429 96700
430 96700
431 96700
432 96700
433 96700
434 96700
435 96700
436 96700
437 96700
438 96700
439 96700
440 96700
441 96700
442 96700
443 96700
444 96700
445 96700
446 96700
447 96700
448 96700
449 96700
450 96700
451 96700
452 96700
453 96700
454 96700
455 96700
456 96700
457 96700
458 96700
459 96700
460 96700
461 98720
462 98720
463 98720
464 98720
465 98720
466 98720
467 98720
468 98720
469 98720
470 100352
471 100352
472 98840
473 98840
474 98840
475 98840
476 100944
477 100944
478 100944
479 107032
480 108056
481 110076
482 110076
483 110076
484 110076
485 110076
486 110076
487 110076
488 110076
489 110076
490 110076
491 110076
492 110076
493 110076
494 110076
495 110076
496 110076
497 110076
498 111100
499 113120
500 114144
501 114144
502 115168
503 115168
504 119264
505 119264
506 119264
507 119264
508 121312
509 121312
510 121312
511 121312
512 121312
513 121312
514 121312
515 122336
516 122336
517 122336
518 122336
519 122336
520 122336
521 122336
522 123360
523 123360
524 131552
525 131552
526 131552
527 131552
528 131552
529 132576
530 132576
531 132576
532 133600
533 134616
534 134616
535 134616
536 135640
537 135640
538 135640
539 135640
540 135640
541 135640
542 135640
543 135640
544 135640
545 135640
546 136664
547 136664
548 136664
549 144856
550 144856
551 145880
552 145880
553 145880
554 149976
555 149976
556 149976
557 149976
558 149976
559 149976
560 149976
561 149976
562 149976
563 149976
564 149976
565 149976
566 149976
567 149976
568 149976
569 149976
570 149976
571 149976
572 149976
573 149976
574 149976
575 149976
576 149976
577 149976
578 149976
579 149976
580 149976
581 149976
582 149976
583 149976
584 149976
585 149976
586 149976
587 149976
588 149976
589 149976
590 149976
591 149976
592 149976
593 149976
594 149976
595 149976
596 149976
597 149976
598 149976
599 149976
600 149976
601 149976
602 149976
603 149976
604 149976
605 149976
606 149976
607 149976
608 149976
609 149976
610 149976
611 149976
612 149976
613 149976
614 149976
615 149976
616 149976
617 149976
618 149976
619 149976
620 149976
621 149976
622 149976
623 149976
624 149976
625 149976
626 149976
627 149976
628 149976
629 149976
630 149976
631 149976
632 149976
633 149976
634 149976
635 149976
636 149976
637 149976
638 149976
639 149976
640 149976
641 149976
642 149976
643 149976
644 149976
645 149976
646 149976
647 149976
648 149976
649 149976
650 149976
651 149976
652 149976
653 149976
654 149976
655 149976
656 149976
657 149976
658 149976
659 149976
660 149976
661 149976
662 149976
663 149976
664 149976
665 149976
666 149976
667 149976
668 149976
669 149976
670 150096
671 150096
672 150096
673 150096
674 150096
675 150096
676 150096
677 150096
678 150096
679 150096
680 150096
681 150096
682 150096
683 150096
684 150096
685 150096
686 150096
687 150096
688 150096
689 150096
690 150096
691 150096
692 150096
693 150096
694 150096
695 150096
696 150096
697 150096
698 150096
699 150096
700 150096
701 150096
702 150096
703 150096
704 150096
705 150096
706 150096
707 150096
708 150096
709 150096
710 150096
711 150096
712 150096
713 150096
714 150096
715 150096
716 150096
717 150096
718 150096
719 150096
720 150096
721 150096
722 150096
723 150096
724 150096
725 150096
726 150096
727 150096
728 150096
729 150096
730 150096
731 150096
732 150096
733 150096
734 150096
735 150096
736 150096
737 150096
738 150096
739 150096
740 150096
741 150096
742 150096
743 150096
744 150096
745 150096
746 150096
747 150096
748 150096
749 150096
750 150096
751 150096
752 150096
753 150096
754 150096
755 150096
756 150096
757 150096
758 150096
759 150096
760 150096
761 150096
762 150096
763 150096
764 150096
765 150096
766 150096
767 150096
768 150096
769 150096
770 150096
771 150096
772 150096
773 150096
774 150096
775 150096
776 150096
777 150096
778 150096
779 150096
780 150096
781 150096
782 150096
783 150096
784 150096
785 150096
786 150096
787 150096
788 150096
789 150096
790 150096
791 150096
792 150096
793 151120
794 151120
795 151120
796 151120
797 151120
798 151120
799 151120
800 151120
801 151120
802 151120
803 151120
804 151120
805 151120
806 151120
807 151120
808 151120
809 151120
810 151120
811 151120
812 151120
813 151120
814 151120
815 151120
816 151120
817 151120
818 151120
819 151120
820 151120
821 151120
822 151120
823 151120
824 151120
825 151120
826 151120
827 151120
828 151120
829 151120
830 151120
831 151120
832 151120
833 151120
834 151120
835 151120
836 151120
837 151120
838 151120
839 151120
840 151120
841 151120
842 151120
843 151120
844 151120
845 151120
846 151120
847 151120
848 151120
849 151120
850 151120
851 151120
852 151120
853 151120
854 151120
855 151120
856 151120
857 151120
858 151120
859 151120
860 151120
861 151120
862 151120
863 151120
864 151120
865 151120
866 151120
867 151120
868 151120
869 151120
870 151120
871 151120
872 151120
873 151120
874 151120
875 151120
876 151120
877 151120
878 151120
879 151120
880 151120
881 151120
882 151120
883 151120
884 151120
885 151120
886 151120
887 151120
888 151120
889 151120
890 151120
891 151120
892 151120
893 151120
894 151120
895 151120
896 151120
897 151120
898 151120
899 151120
900 151120
901 151120
902 151120
903 151120
904 151120
905 151120
906 151120
907 151120
908 151120
909 151120
910 151120
911 151120
912 151120
913 151120
914 151120
915 151120
916 151120
917 151120
918 151120
919 151120
920 151120
921 151120
922 151120
923 151120
924 151120
925 151120
926 151120
927 151120
928 151120
929 151120
930 151120
931 151120
932 151120
933 151120
934 151120
935 151120
936 151120
937 151120
938 151120
939 151120
940 151120
941 151120
942 151120
943 151120
944 151120
945 151120
946 151120
947 151120
948 151120
949 151120
950 151120
951 151120
952 151120
953 151120
954 151120
955 151120
956 151120
957 151120
958 151120
959 151120
960 151120
961 151120
962 151120
963 151120
964 151120
965 151120
966 151120
967 151120
968 151120
969 151120
970 151120
971 151120
972 151120
973 151120
974 151120
975 151120
976 151120
977 151120
978 151120
979 151120
980 151120
981 151120
982 151120
983 151120
984 151120
985 151120
986 151120
987 151120
988 151120
989 151120
990 151120
991 151120
992 151120
993 151120
994 151120
995 151120
996 151120
997 151120
998 151120
999 151120
1000 151120
1001 151120
1002 151120
1003 151120
1004 151120
1005 151120
1006 151120
1007 151120
1008 151120
1009 151120
1010 151120
1011 151120
1012 151120
1013 151120
1014 151120
1015 151120
1016 151120
1017 151120
1018 151120
1019 151120
1020 151120
1021 151120
1022 151120
1023 151120
1024 151120
1025 151120
1026 151120
1027 151120
1028 151120
1029 151120
1030 151120
1031 151120
1032 151120
1033 151120
1034 151120
1035 151120
1036 151120
1037 151120
1038 151120
1039 151120
1040 151120
1041 151120
1042 151120
1043 151120
1044 151120
1045 151120
1046 151120
1047 151120
1048 151120
1049 151120
1050 151120
1051 151120
1052 151120
1053 151120
1054 151120
1055 151120
1056 151120
1057 151120
1058 151120
1059 151120
1060 151120
1061 151120
1062 151120
1063 151120
1064 151120
1065 151120
1066 151120
1067 151120
1068 151120
1069 151120
1070 151120
1071 151120
1072 151120
1073 151120
1074 151120
1075 151120
1076 151120
1077 151120
1078 151120
1079 151120
1080 151120
1081 151120
1082 151120
1083 151120
1084 151120
1085 151120
