1 81376
2 81376
3 81376
4 81376
5 81376
6 81376
7 81376
8 81376
9 81376
10 81376
11 81376
12 99772
13 100796
14 118176
15 118176
16 118176
17 118176
18 118176
19 118176
20 118176
21 118176
22 118176
23 118176
24 118176
25 118176
26 118176
27 118176
28 118176
29 118176
30 118176
31 118176
32 118176
33 118176
34 118176
35 118176
36 118176
37 118176
38 118176
39 118176
40 118296
41 118296
42 120316
43 120316
44 120316
45 120316
46 120316
47 120316
48 120316
49 120316
50 120316
51 120316
52 120316
53 120316
54 120316
55 120316
56 120316
57 120316
58 120316
59 130556
60 140656
61 140656
62 141680
63 141680
64 141680
65 141680
66 141680
67 141680
68 141680
69 141680
70 141680
71 141680
72 141680
73 143728
74 143728
75 143728
76 143728
77 143728
78 143728
79 143728
80 143728
81 143728
82 143728
83 143728
84 143728
85 143728
86 143728
87 143728
88 143728
89 143728
90 143728
91 143728
92 143728
93 143728
94 143728
95 143728
96 143728
97 143728
98 143728
99 143728
100 143728
101 143728
102 143728
103 143728
104 143728
105 143728
106 143728
107 143728
108 143728
109 143728
110 143728
111 143728
112 143728
113 143728
114 143728
115 143728
116 143728
117 143728
118 143728
119 143728
120 143728
121 143728
122 143728
123 144752
124 145776
125 146800
126 147944
127 147944
128 148968
129 148968
130 148968
131 149992
132 149992
133 149992
134 150112
135 150112
136 150112
137 150112
138 150112
139 150112
140 150112
141 150112
142 150112
143 150112
144 150112
145 150112
146 150112
147 150112
148 151136
149 151136
150 151136
151 151136
152 151136
153 151136
154 151136
155 151016
156 151016
157 151016
158 151016
159 151016
160 151016
161 151016
162 151016
163 151016
164 151016
165 151016
166 151016
167 151016
168 151016
169 151016
170 151016
171 151016
172 151016
173 151016
174 151016
175 151016
176 151016
177 151016
178 151016
179 151016
180 151016
181 151016
182 151016
183 151016
184 151016
185 151016
186 151016
187 151016
188 151016
189 151016
190 151016
191 151016
192 151016
193 151016
194 151016
195 151016
196 151016
197 151016
198 151016
199 151016
200 151016
201 151016
202 151016
203 151016
204 151016
205 151016
206 151016
207 151016
208 151016
209 151016
210 151016
211 151016
212 151016
213 151016
214 151016
215 151016
216 151016
217 151016
218 151016
219 151016
220 151016
221 151016
222 151016
223 151016
224 151016
225 151016
226 151016
227 151016
228 151016
229 151016
230 151016
231 151016
232 151016
233 151016
234 151016
235 151016
236 151016
237 151016
238 151016
239 151016
240 151016
241 151016
242 151016
243 151016
244 151016
245 151136
246 152160
247 153184
248 153184
249 153184
250 153184
251 154200
252 154200
253 154200
254 154200
255 155224
256 156248
257 156248
258 156248
259 164440
260 166460
261 167484
262 167484
263 167484
264 167484
265 167484
266 175676
267 189756
268 189756
269 189756
270 189756
271 189756
272 189756
273 189756
274 189756
275 189756
276 185916
277 185916
278 185916
279 185916
280 185916
281 185916
282 185916
283 185916
284 185916
285 185916
286 185916
287 185916
288 185916
289 185916
290 185916
291 185916
292 185916
293 185916
294 185916
295 185916
296 185916
297 185916
298 185916
299 185916
300 185916
301 185916
302 185916
303 185916
304 185916
305 185916
306 185916
307 185916
308 185916
309 185916
310 185916
311 185916
312 185916
313 185916
314 185916
315 185916
316 185916
317 185916
318 185916
319 185916
320 185916
321 185916
322 185916
323 185916
324 185916
325 185916
326 185916
327 185916
328 185916
329 185916
330 185916
331 185916
332 185916
333 185916
334 185916
335 185916
336 185916
337 185916
338 185916
339 185916
340 185916
341 185916
342 185916
343 185916
344 185916
345 185916
346 185916
347 185916
348 185916
349 185916
350 185916
351 185916
352 185916
353 185916
354 185916
355 185916
356 185916
357 185916
358 185916
359 185916
360 185916
361 185916
362 185916
363 185916
364 185916
365 185916
366 185916
367 185916
368 185916
369 185916
370 185916
371 185916
372 185916
373 185916
