1 80320
2 80320
3 80320
4 80320
5 80320
6 80320
7 80320
8 80320
9 80320
10 80320
11 80320
12 80320
13 80320
14 80320
15 80320
16 80320
17 80320
18 80320
19 80320
20 80320
21 80320
22 80320
23 80320
24 80320
25 80320
26 80320
27 80320
28 80320
29 80320
30 80320
31 80320
32 80320
33 80320
34 80320
35 80320
36 80320
37 80320
38 80320
39 80320
40 80320
41 80320
42 80320
43 80320
44 80320
45 80320
46 80320
47 80320
48 80320
49 80320
50 80320
51 80320
52 80320
53 80320
54 80320
55 80320
56 80320
57 80320
58 80320
59 80320
60 80320
61 80320
62 80320
63 80320
64 80320
65 80320
66 80320
67 80320
68 80320
69 80320
70 80320
71 80320
72 80320
73 80320
74 80320
75 80320
76 80320
77 80320
78 80320
79 80320
80 80320
81 80320
82 80320
83 80320
84 80320
85 80320
86 80320
87 80320
88 80320
89 80320
90 80320
91 80320
92 80320
93 80320
94 80320
95 80320
96 80320
97 80320
98 80320
99 80320
100 80320
101 80320
102 80320
103 80320
104 80320
105 80320
106 80320
107 80320
108 80320
109 80320
110 80320
111 80320
112 80320
113 80320
114 80320
115 80320
116 80320
117 80320
118 80320
119 80320
120 80320
121 80320
122 80320
123 80320
124 80320
125 80320
126 80320
127 80320
128 80320
129 80320
130 80320
131 80320
132 80320
133 80320
134 80320
135 80320
136 80320
137 80320
138 80320
139 80320
140 80320
141 80320
142 80320
143 80320
144 80320
145 80320
146 80320
147 80320
148 80320
149 80320
150 80320
151 80320
152 80320
153 80320
154 80320
155 80320
156 80320
157 80320
158 80320
159 80320
160 80320
161 80320
162 80320
163 80320
164 80320
165 80320
166 80320
167 80320
168 80320
169 80320
170 80320
171 80320
172 80320
173 80320
174 80320
175 80320
176 80320
177 80320
178 80320
179 80320
180 80320
181 80320
182 80320
183 80320
184 80320
185 80320
186 80320
187 80320
188 80320
189 80320
190 80320
191 80320
192 80320
193 80320
194 80320
195 80320
196 80320
197 80320
198 80320
199 80320
200 80320
201 80320
202 80320
203 80320
204 80320
205 80320
206 80320
207 80320
208 80320
209 80320
210 80320
211 80320
212 80320
213 80320
214 80320
215 80320
216 80320
217 80320
218 80320
219 80320
220 80320
221 80320
222 80320
223 80320
224 80320
225 80320
226 80320
227 80320
228 80320
229 80320
230 80320
231 80320
232 80320
233 80320
234 80320
235 80320
236 80320
237 80320
238 80320
239 80320
240 80320
241 80320
242 80320
243 80320
244 80320
245 80320
246 80320
247 80320
248 80320
249 80320
250 80320
251 80320
252 80320
253 80320
254 80320
255 80320
256 80320
257 80320
258 80320
259 80320
260 80320
261 80320
262 80320
263 80320
264 80320
265 80320
266 80320
267 80320
268 80320
269 80320
270 80320
271 80320
272 80320
273 80320
274 80320
275 80320
276 80320
277 80320
278 80320
279 80320
280 80320
281 80320
282 80320
283 80320
284 80320
285 80320
286 80320
287 80320
288 80320
289 80320
290 80320
291 80320
292 80320
293 80320
294 80320
295 80320
296 80320
297 80320
298 80320
299 80320
300 80320
301 80320
302 80320
303 80320
304 80320
305 80320
306 80320
307 80320
308 80320
309 80320
310 80320
311 80320
312 80320
313 80320
314 80320
315 80320
316 80320
317 80320
318 80320
319 80320
320 80320
321 80320
322 80320
323 80320
324 80320
325 80320
326 80320
327 80320
328 80320
329 80320
330 80320
331 80320
332 80320
333 80320
334 80320
335 80320
336 80320
337 80320
338 80320
339 80320
340 80320
341 80320
342 80320
343 80320
344 80320
345 80320
346 80320
347 80320
348 80320
349 80320
350 80320
351 80320
352 80320
353 80320
354 80320
355 80320
356 80320
357 80320
358 80320
359 80320
360 80320
361 80320
362 80320
363 80320
364 80320
365 80320
366 80320
367 80320
368 80320
369 80320
370 80320
371 80320
372 80320
373 80320
374 80320
375 80320
376 80320
377 80320
378 80320
379 80320
380 80320
381 80320
382 80320
383 80320
384 80320
385 80320
386 80320
387 80320
388 80320
389 80320
390 80320
391 80320
392 80320
393 80320
394 80320
395 80320
396 80320
397 80320
398 80320
399 80320
400 80320
401 80320
402 80320
403 80320
404 80320
405 80320
406 80320
407 80320
408 80320
409 80320
410 80320
411 80320
412 80320
413 80320
414 80320
415 80320
416 80320
417 80320
418 91584
419 95644
420 95644
421 95644
422 95644
423 95644
424 96668
425 96668
426 96668
427 96668
428 96668
429 96668
430 96668
431 96668
432 96668
433 96668
434 96668
435 96668
436 96668
437 96668
438 96668
439 96668
440 96668
441 96668
442 96668
443 96668
444 96668
445 96668
446 96668
447 96668
448 96668
449 96668
450 96668
451 96668
452 96668
453 96668
454 96668
455 96668
456 96668
457 96668
458 96668
459 96668
460 96668
461 96668
462 96668
463 96668
464 96668
465 96668
466 96668
467 96668
468 96668
469 96668
470 96668
471 96668
472 96668
473 96668
474 96668
475 96668
476 96668
477 96668
478 96668
479 98688
480 98688
481 98688
482 98688
483 98688
484 98688
485 98688
486 98688
487 98688
488 100320
489 100320
490 100320
491 100912
492 100912
493 100912
494 98808
495 98808
496 100828
497 100828
498 100828
499 100828
500 100828
501 100828
502 100828
503 100828
504 100828
505 100828
506 100828
507 100828
508 100828
509 100828
510 100828
511 100828
512 100828
513 100828
514 100828
515 100828
516 100828
517 100828
518 100828
519 100828
520 111068
521 115136
522 115136
523 115136
524 116192
525 119264
526 120288
527 120288
528 120288
529 120288
530 120288
531 120288
532 122336
533 122336
534 122336
535 122336
536 122336
537 123360
538 123360
539 123360
540 123360
541 123360
542 123360
543 123360
544 123360
545 123360
546 132576
547 132576
548 132576
549 132576
550 133600
551 133600
552 134624
553 135640
554 135640
555 135640
556 135640
557 135640
558 135640
559 135640
560 135640
561 135640
562 135640
563 135640
564 136664
565 136664
566 136664
567 136664
568 136664
569 136664
570 136664
571 136664
572 140760
573 141784
574 141784
575 141784
576 141784
577 149976
578 149976
579 150096
580 150096
581 150096
582 150096
583 150096
584 150096
585 150096
586 150096
587 150096
588 150096
589 150096
590 150096
591 150096
592 150096
593 150096
594 150096
595 150096
596 150096
597 150096
598 150096
599 150096
600 150096
601 150096
602 150096
603 150096
604 150096
605 150096
606 150096
607 150096
608 150096
609 150096
610 150096
611 150096
612 150096
613 150096
614 150096
615 150096
616 150096
617 150096
618 150096
619 150096
620 150096
621 150096
622 150096
623 150096
624 150096
625 150096
626 150096
627 150096
628 150096
629 150096
630 150096
631 150096
632 150096
633 150096
634 150096
635 150096
636 150096
637 150096
638 150096
639 150096
640 150096
641 150096
642 150096
643 150096
644 150096
645 150096
646 150096
647 150096
648 150096
649 150096
650 150096
651 150096
652 150096
653 150096
654 150096
655 150096
656 150096
657 150096
658 150096
659 150096
660 150096
661 150096
662 150096
663 150096
664 150096
665 150096
666 150096
667 150096
668 150096
669 150096
670 150096
671 150096
672 150096
673 150096
674 150096
675 150096
676 150096
677 150096
678 150096
679 150096
680 150096
681 150096
682 150096
683 150096
684 150096
685 150096
686 150096
687 150096
688 150096
689 150096
690 150096
691 150096
692 150096
693 150096
694 150096
695 150096
696 150096
697 150096
698 150096
699 150096
700 150096
701 150096
702 150096
703 150096
704 150096
705 150096
706 150096
707 150096
708 150096
709 150096
710 150096
711 150096
712 150096
713 150096
714 150096
715 150096
716 150096
717 150096
718 150096
719 150096
720 150096
721 150096
722 150096
723 150096
724 150096
725 150096
726 150096
727 150096
728 150096
729 150096
730 150096
731 150096
732 150096
733 150096
734 150096
735 150096
736 150096
737 150096
738 150096
739 150096
740 150096
741 150096
742 150096
743 150096
744 150096
745 150096
746 150096
747 150096
748 150096
749 150096
750 150096
751 150096
752 150096
753 150096
754 150096
755 150096
756 150096
757 150096
758 150096
759 150096
760 150096
761 150096
762 150096
763 150096
764 150096
765 150096
766 150096
767 150096
768 150096
769 150096
770 150096
771 150096
772 150096
773 150096
774 150096
775 150096
776 150096
777 150096
778 150096
779 150096
780 150096
781 150096
782 150096
783 150096
784 150096
785 150096
786 150096
787 150096
788 150096
789 150096
790 150096
791 150096
792 150096
793 150096
794 150096
795 150096
796 150096
797 150096
798 150096
799 150096
800 150096
801 150096
802 150096
803 150096
804 150096
805 150096
806 150096
807 150096
808 150096
809 150096
810 150096
811 150096
812 150096
813 150096
814 150096
815 150096
816 150096
817 150096
818 150096
819 150096
820 150096
821 150096
822 150096
823 150096
824 150096
825 150096
826 150096
827 150096
828 150096
829 150096
830 150096
831 150096
832 150096
833 150096
834 150096
835 150096
836 150096
837 150096
838 150096
839 150096
840 150096
841 150096
842 150096
843 150096
844 150096
845 150096
846 150096
847 150096
848 150096
849 150096
850 150096
851 150096
852 150096
853 150096
854 150096
855 150096
856 150096
857 150096
858 150096
859 150096
860 150096
861 150096
862 150096
863 150096
864 150096
865 150096
866 150096
867 150096
868 150096
869 150096
870 150096
871 150096
872 150096
873 150096
874 150096
875 150096
876 150096
877 150096
878 150096
879 150096
880 150096
881 150096
882 150096
883 150096
884 150096
885 150096
886 150096
887 150096
888 150096
889 150096
890 150096
891 150096
892 150096
893 150096
894 150096
895 150096
896 150096
897 150096
898 150096
899 150096
900 150096
901 150096
902 150096
903 150096
904 150096
905 150096
906 150096
907 150096
908 150096
909 150096
910 150096
911 150096
912 150096
913 150096
914 150096
915 150096
916 150096
917 150096
918 150096
919 150096
920 150096
921 150096
922 150096
923 150096
924 150096
925 150096
926 150096
927 150096
928 150096
929 150096
930 150096
931 150096
932 150096
933 150096
934 150096
935 150096
936 150096
937 150096
938 150096
939 150096
940 150096
941 150096
942 150096
943 150096
944 150096
945 150096
946 150096
947 150096
948 150096
949 150096
950 150096
951 150096
952 150096
953 150096
954 150096
955 150096
956 150096
957 150096
958 150096
959 150096
960 150096
961 150096
962 150096
963 150096
964 150096
965 150096
966 150096
967 150096
968 150096
969 150096
970 150096
971 150096
972 150096
973 150096
974 150096
975 150096
976 150096
977 150096
978 150096
979 150096
980 150096
981 150096
982 150096
983 150096
984 150096
985 150096
986 150096
987 150096
988 150096
989 150096
990 150096
991 150096
992 150096
993 150096
994 150096
995 150096
996 150096
997 150096
998 150096
999 150096
1000 150096
1001 150096
1002 150096
1003 150096
1004 150096
1005 150096
1006 150096
1007 150096
1008 150096
1009 150096
1010 150096
1011 150096
1012 150096
1013 150096
1014 150096
1015 150096
1016 150096
1017 150096
1018 150096
1019 150096
1020 150096
1021 150096
1022 150096
1023 150096
1024 150096
1025 150096
1026 150096
1027 150096
1028 150096
1029 150096
1030 150096
1031 150096
1032 150096
1033 150096
1034 150096
1035 150096
1036 150096
1037 150096
1038 150096
1039 150096
1040 150096
1041 150096
1042 150096
1043 150096
1044 150096
1045 150096
1046 150096
1047 150096
1048 150096
1049 150096
1050 150096
1051 150096
1052 150096
1053 150096
1054 150096
1055 150096
1056 150096
1057 150096
1058 150096
1059 150096
1060 150096
1061 150096
1062 150096
1063 150096
1064 150096
1065 150096
1066 150096
1067 150096
1068 150096
1069 150096
1070 150096
1071 150096
1072 150096
1073 150096
1074 150096
1075 150096
1076 150096
1077 150096
1078 150096
1079 150096
1080 150096
1081 150096
1082 150096
1083 150096
