1 81376
2 81376
3 81376
4 81376
5 81376
6 81376
7 81376
8 81376
9 81376
10 81376
11 81376
12 81376
13 81376
14 81376
15 81376
16 81376
17 81376
18 81376
19 81376
20 81376
21 81376
22 81376
23 81376
24 81376
25 81376
26 81376
27 81376
28 81376
29 81376
30 81376
31 81376
32 81376
33 81376
34 81376
35 81376
36 81376
37 81376
38 81376
39 81376
40 81376
41 81376
42 81376
43 81376
44 81376
45 81376
46 81376
47 81376
48 81376
49 81376
50 81376
51 81376
52 81376
53 81376
54 81376
55 81376
56 81376
57 81376
58 81376
59 81376
60 81376
61 81376
62 81376
63 81376
64 81376
65 81376
66 81376
67 81376
68 81376
69 81376
70 81376
71 81376
72 81376
73 81376
74 81376
75 81376
76 81376
77 81376
78 81376
79 81376
80 81376
81 81376
82 81376
83 81376
84 81376
85 81376
86 81376
87 81376
88 81376
89 81376
90 81376
91 81376
92 81376
93 81376
94 81376
95 81376
96 81376
97 81376
98 89568
99 91616
100 91616
101 93656
102 93656
103 93656
104 94680
105 97752
106 97752
107 100796
108 100796
109 100796
110 100796
111 100796
112 100796
113 100796
114 100796
115 100796
116 102844
117 111036
118 113056
119 113056
120 113056
121 113056
122 118176
123 118176
124 118176
125 118176
126 118176
127 118176
128 118176
129 118176
130 118176
131 118176
132 118176
133 118176
134 118176
135 118176
136 118176
137 118176
138 118176
139 118176
140 118176
141 118176
142 118176
143 118176
144 118176
145 118176
146 118176
147 118176
148 118176
149 118176
150 118176
151 118176
152 118176
153 118176
154 118176
155 118176
156 118176
157 118176
158 118176
159 118176
160 118176
161 118176
162 118176
163 118176
164 118176
165 118176
166 118176
167 118176
168 118176
169 118176
170 118176
171 118176
172 118176
173 118176
174 118176
175 118176
176 118176
177 118176
178 118176
179 118176
180 118176
181 118176
182 118176
183 118176
184 118176
185 118176
186 118176
187 118176
188 118176
189 118176
190 118176
191 118176
192 118176
193 118176
194 118176
195 118176
196 118176
197 118176
198 118176
199 118176
200 118176
201 118176
202 118176
203 118176
204 118176
205 118176
206 118176
207 118176
208 118176
209 118176
210 118176
211 118176
212 118176
213 118176
214 118176
215 118176
216 118176
217 118176
218 118176
219 118176
220 118176
221 118176
222 118176
223 118176
224 118176
225 118176
226 118176
227 118176
228 118176
229 118176
230 118176
231 118176
232 118176
233 118176
234 118176
235 118176
236 118176
237 118176
238 118176
239 118176
240 118176
241 118176
242 118176
243 118176
244 118176
245 118176
246 118176
247 118176
248 118176
249 118176
250 118176
251 118176
252 118176
253 118176
254 118176
255 118176
256 118176
257 118176
258 118176
259 118176
260 118176
261 118176
262 118176
263 118176
264 118176
265 118176
266 118176
267 118176
268 118176
269 118176
270 118176
271 118176
272 118176
273 118176
274 118176
275 118176
276 118176
277 118176
278 118176
279 118176
280 118176
281 118176
282 118176
283 118176
284 118176
285 118176
286 118176
287 118176
288 118176
289 118176
290 118296
291 118296
292 118296
293 118296
294 118296
295 118296
296 118296
297 118296
298 118296
299 118296
300 118296
301 118296
302 118296
303 118296
304 118296
305 118296
306 118296
307 118296
308 118296
309 118296
310 118296
311 118296
312 118296
313 118296
314 118296
315 118296
316 118296
317 118296
318 118296
319 118296
320 118296
321 118296
322 118296
323 118296
324 118296
325 118296
326 118296
327 118296
328 118296
329 118296
330 118296
331 118296
332 118296
333 118296
334 118296
335 118296
336 118296
337 118296
338 118296
339 118296
340 118296
341 118296
342 118296
343 118296
344 118296
345 118296
346 118296
347 118296
348 118296
349 120316
350 120316
351 120316
352 120316
353 120316
354 120316
355 120316
356 120316
357 120316
358 120316
359 120316
360 120316
361 120316
362 120316
363 120316
364 120316
365 120316
366 120316
367 120316
368 120316
369 120316
370 120316
371 120316
372 120316
373 120316
374 120316
375 120316
376 120316
377 120316
378 120316
379 120316
380 120316
381 120316
382 120316
383 120316
384 120316
385 120316
386 120316
387 120316
388 120316
389 120316
390 120316
391 120316
392 120316
393 120316
394 120316
395 120316
396 120316
397 120316
398 120316
399 120316
400 120316
401 120316
402 120316
403 120316
404 120316
405 120316
406 120316
407 128508
408 129532
409 129532
410 130556
411 130556
412 130556
413 130556
414 130556
415 130556
416 130556
417 132576
418 134596
419 140656
420 140656
421 140656
422 140656
423 140656
424 140656
425 140656
426 140656
427 140656
428 140656
429 140656
430 141680
431 141680
432 141680
433 141680
434 141680
435 141680
436 141680
437 141680
438 141680
439 141680
440 141680
441 141680
442 141680
443 141680
444 141680
445 141680
446 141680
447 141680
448 141680
449 141680
450 141680
451 141680
452 141680
453 141680
454 141680
455 141680
456 141680
457 141680
458 141680
459 141680
460 141680
461 141680
462 141680
463 141680
464 141680
465 141680
466 141680
467 141680
468 141680
469 141680
470 141680
471 141680
472 141680
473 141680
474 141680
475 141680
476 141680
477 141680
478 141680
479 141680
480 141680
481 141680
482 141680
483 141680
484 143728
485 143728
486 143728
487 143728
488 143728
489 143728
490 143728
491 143728
492 143728
493 143728
494 143728
495 143728
496 143728
497 143728
498 143728
499 143728
500 143728
501 143728
502 143728
503 143728
504 143728
505 143728
506 143728
507 143728
508 143728
509 143728
510 143728
511 143728
512 143728
513 143728
514 143728
515 143728
516 143728
517 143728
518 143728
519 143728
520 143728
521 143728
522 143728
523 143728
524 143728
525 143728
526 143728
527 143728
528 143728
529 143728
530 143728
531 144752
532 144752
533 146792
534 146920
535 146920
536 146920
537 147944
538 147944
539 147944
540 147944
541 147944
542 147944
543 147944
544 147944
545 147944
546 148064
547 148064
548 148064
549 148064
550 148064
551 148064
552 148064
553 148064
554 148064
555 148064
556 148064
557 148064
558 148064
559 148064
560 147944
561 147944
562 147944
563 147944
564 147944
565 147944
566 147944
567 147944
568 147944
569 147944
570 147944
571 147944
572 147944
573 147944
574 147944
575 147944
576 147944
577 147944
578 147944
579 147944
580 147944
581 147944
582 147944
583 147944
584 147944
585 147944
586 147944
587 147944
588 147944
589 147944
590 147944
591 147944
592 147944
593 147944
594 147944
595 147944
596 147944
597 147944
598 147944
599 147944
600 147944
601 147944
602 147944
603 148968
604 148968
605 148968
606 148968
607 148968
608 148968
609 148968
610 148968
611 148968
612 148968
613 148968
614 149088
615 149088
616 149088
617 149088
618 149088
619 149088
620 149088
621 149088
622 149088
623 149088
624 149088
625 149088
626 149088
627 149088
628 149088
629 149088
630 149088
631 149088
632 149088
633 149088
634 149088
635 149088
636 149088
637 149088
638 149088
639 149088
640 149088
641 149088
642 149088
643 149088
644 149088
645 149088
646 149088
647 149088
648 149088
649 149088
650 149088
651 149088
652 149088
653 149088
654 149088
655 149088
656 149088
657 149088
658 149088
659 149088
660 149088
661 149088
662 149088
663 149088
664 149088
665 149088
666 149088
667 149088
668 149088
669 149088
670 149088
671 149088
672 149088
673 149088
674 150112
675 152160
676 153184
677 153184
678 161376
679 161376
680 161376
681 161376
682 161376
683 161376
684 162392
685 163416
686 163416
687 164440
688 164440
689 164440
690 166460
691 167484
692 167484
693 167484
694 167484
695 167484
696 175676
697 189756
698 189756
699 189756
700 189756
701 189756
702 189756
703 189756
704 189756
705 189756
706 189756
707 189756
708 189756
709 185916
710 185916
711 185916
712 185916
713 185916
714 185916
715 185916
716 185916
717 185916
718 185916
719 185916
720 185916
721 185916
722 185916
723 185916
724 185916
725 185916
726 185916
727 185916
728 185916
729 185916
730 185916
731 185916
732 185916
733 185916
734 185916
735 185916
736 185916
737 185916
738 185916
739 185916
740 185916
741 185916
742 185916
743 185916
744 185916
745 185916
746 185916
747 185916
748 185916
749 185916
750 185916
751 185916
752 185916
753 185916
754 185916
755 185916
756 185916
757 185916
758 185916
759 185916
760 185916
761 185916
762 185916
763 185916
764 185916
765 185916
766 185916
767 185916
768 185916
769 185916
770 185916
771 185916
772 185916
773 185916
774 185916
775 185916
776 185916
777 185916
778 185916
779 185916
780 185916
781 185916
782 185916
783 185916
784 185916
785 185916
786 185916
787 185916
788 185916
789 185916
790 185916
791 185916
792 185916
793 185916
794 185916
795 185916
796 185916
797 185916
798 185916
799 185916
800 185916
801 185916
802 185916
803 185916
804 185916
805 185916
806 185916
807 185916
808 185916
809 185916
810 185916
811 185916
812 185916
813 185916
814 185916
815 185916
816 185916
817 185916
818 185916
819 185916
820 185916
821 185916
822 185916
823 185916
824 185916
825 185916
826 185916
827 185916
828 185916
829 185916
830 185916
831 185916
832 185916
833 185916
834 185916
835 185916
836 185916
837 185916
838 185916
839 185916
840 185916
841 185916
842 185916
843 185916
844 185916
845 185916
846 185916
847 185916
848 185916
849 185916
850 185916
851 185916
852 185916
853 185916
854 185916
855 185916
856 185916
857 185916
858 185916
859 185916
860 185916
861 185916
862 185916
863 185916
864 185916
865 185916
866 185916
867 185916
868 185916
869 185916
870 185916
871 185916
872 185916
873 185916
874 185916
875 185916
876 185916
877 185916
878 185916
879 185916
880 185916
881 185916
882 185916
883 185916
884 185916
885 185916
886 185916
887 185916
888 185916
889 185916
890 185916
891 185916
892 185916
893 185916
894 185916
895 185916
896 185916
897 185916
898 185916
899 185916
900 185916
901 185916
902 185916
903 185916
904 185916
905 185916
906 185916
907 185916
908 185916
909 185916
910 185916
911 185916
912 185916
913 185916
914 185916
915 185916
916 185916
917 185916
918 185916
919 185916
920 185916
921 185916
922 185916
923 185916
924 185916
925 185916
926 185916
927 185916
928 185916
929 185916
930 185916
931 185916
932 185916
933 185916
934 185916
935 185916
936 185916
937 185916
938 185916
939 185916
940 185916
941 185916
942 185916
943 185916
944 185916
945 185916
946 185916
947 185916
948 185916
949 185916
950 185916
951 185916
952 185916
953 185916
954 185916
955 185916
956 185916
957 185916
958 185916
959 185916
960 185916
961 185916
962 185916
963 185916
964 185916
965 185916
966 185916
967 185916
968 185916
969 185916
970 185916
971 185916
972 185916
973 185916
974 185916
975 185916
976 185916
977 185916
978 185916
979 185916
980 185916
981 185916
982 185916
983 185916
984 185916
985 185916
986 185916
987 185916
988 185916
989 185916
990 185916
991 185916
992 185916
993 185916
994 185916
995 185916
996 185916
997 185916
998 185916
999 185916
1000 185916
1001 185916
1002 185916
1003 185916
1004 185916
1005 185916
1006 185916
1007 185916
1008 185916
1009 185916
1010 185916
1011 185916
1012 185916
1013 185916
1014 185916
1015 185916
1016 185916
1017 185916
1018 185916
1019 185916
1020 185916
1021 185916
1022 185916
1023 185916
1024 185916
1025 185916
