1 66404
2 74596
3 81376
4 81376
5 81376
6 81376
7 81376
8 81376
9 81376
10 81376
11 81376
12 81376
13 81376
14 81376
15 81376
16 81376
17 81376
18 81376
19 81376
20 81376
21 81376
22 92640
23 93656
24 93656
25 95704
26 97752
27 100824
28 102872
29 102872
30 103896
31 103896
32 103896
33 109956
34 109956
35 110980
36 110980
37 112004
38 112004
39 112004
40 114144
41 114144
42 114144
43 114144
44 114144
45 115168
46 115296
47 121368
48 127844
49 127840
50 132832
51 133856
52 134872
53 134872
54 134872
55 134872
56 136920
57 137944
58 137944
59 137944
60 137944
61 137944
62 137944
63 146136
64 147160
65 147160
66 147160
67 147160
68 147160
69 147160
70 147160
71 156376
72 156376
73 156376
74 157392
75 157392
76 157392
77 157392
78 165584
79 165584
80 165584
81 165584
82 165584
83 165584
84 166608
85 166608
86 166608
87 168656
88 170720
89 170720
90 170720
91 170720
92 170720
93 171760
94 172784
95 173808
96 173808
97 182000
98 182000
99 183024
100 186128
101 188176
102 189200
103 190216
104 191240
105 191240
106 191240
107 191240
108 191240
109 199432
110 205320
111 205320
112 205320
113 205320
114 205320
115 207360
116 207360
117 207360
118 207480
119 207480
120 207480
121 207480
122 207480
123 207480
124 207480
125 208504
126 209520
127 209520
128 209520
129 209520
130 209520
131 209520
132 209520
133 209520
134 209776
135 210800
136 210800
137 210800
138 210800
139 210800
140 212848
141 212848
142 212848
143 212848
144 212848
145 212848
146 212848
147 212848
148 209008
149 209008
150 209008
151 209008
152 209008
153 209008
154 209008
155 209008
156 209008
157 209008
158 209008
159 209008
160 209008
161 209008
162 209008
163 209008
164 209008
165 209008
166 209008
167 209008
168 209008
169 209008
170 209008
171 209008
172 209008
173 209008
174 209008
175 209008
176 209008
177 209008
178 209008
179 209008
180 209008
181 209008
182 209008
183 209008
184 209008
185 209008
186 209008
187 209008
188 209008
189 209008
190 209008
191 209008
192 209008
193 209008
194 209008
195 209008
196 209008
197 209008
198 209008
199 209008
200 209008
201 209008
202 209008
203 209008
204 209008
205 209008
206 209008
207 209008
208 209008
209 209008
210 209008
211 209008
212 209008
213 209008
214 209008
215 209008
216 209008
217 209008
218 209008
219 209008
220 209008
221 209008
222 209008
223 209008
224 209008
225 209008
226 209008
227 209008
228 209008
229 209008
230 209008
231 209008
232 209008
233 209008
234 209008
235 209008
236 209008
237 209008
238 209008
239 209008
240 209008
241 209008
242 209008
243 209008
244 209008
245 209008
246 209008
247 209008
248 209008
249 209008
250 209008
251 209008
252 209008
253 209008
254 209008
255 209008
256 209008
257 209008
258 209008
259 209008
260 209008
261 209008
262 209008
263 209008
264 209008
265 209008
266 209008
267 209008
268 209008
269 209008
270 209008
271 209008
272 209008
273 209008
274 209008
275 209008
276 209008
277 209008
278 209008
279 209008
280 209008
281 209008
282 209008
283 209008
284 209008
285 209008
286 209008
287 209008
288 209008
289 209008
290 209008
291 209008
292 209008
293 209008
294 209008
295 209008
296 209008
297 209008
298 209008
299 209008
300 209008
301 209008
302 209008
303 209008
304 209008
305 209008
306 209008
307 209008
308 209008
309 209008
310 209008
311 209008
312 209008
313 209008
314 209008
315 209008
316 209008
317 209008
318 209008
319 209008
320 209008
321 209008
322 209008
323 209008
324 209008
325 209008
326 209008
327 209008
328 209008
329 209008
330 209008
331 209008
332 209008
333 209008
334 209008
335 209008
336 209008
337 209008
338 209008
339 209008
340 209008
341 209008
342 209008
343 209008
344 209008
345 209008
346 209008
347 209008
348 209008
349 209008
350 209008
351 209008
352 209008
353 209008
354 209008
355 209008
356 209008
357 209008
358 209008
359 209008
360 209008
361 209008
362 209008
363 209008
364 209008
365 209008
366 209008
367 209008
368 209008
369 209008
370 209008
371 209008
372 209008
373 209008
374 209008
375 209008
376 209008
377 209008
378 209008
379 209008
380 209008
381 209008
382 209008
383 209008
384 209008
385 209008
386 209008
387 209008
388 209008
389 209008
390 209008
391 209008
392 209008
393 209008
394 209008
395 209008
396 209008
397 209008
398 209008
399 209008
400 209008
401 209008
402 209008
403 209008
404 209008
405 209008
406 209008
407 209008
408 209008
409 209008
410 209008
411 209008
412 209008
413 209008
414 209008
415 209008
416 209008
417 209008
418 209008
419 209008
420 209008
421 209008
422 209008
423 209008
424 209008
425 209008
426 209008
427 209008
428 209008
429 209008
430 209008
431 209008
432 209008
433 209008
434 209008
435 209008
436 209008
437 209008
438 209008
439 209008
440 209008
441 209008
442 209008
443 209008
444 209008
445 209008
446 209008
447 209008
448 209008
449 209008
450 209008
451 209008
452 209008
453 209008
454 209008
455 209008
456 209008
457 209008
458 209008
459 209008
460 209008
461 209008
462 209008
463 209008
464 209008
465 209008
466 209008
467 209008
468 209008
469 209008
470 209008
471 209008
472 209008
473 209008
474 209008
475 209008
476 209008
477 209008
478 209008
479 209008
480 209008
481 209008
482 209008
483 209008
484 209008
485 209008
486 209008
487 209008
488 209008
489 209008
490 209008
491 209008
492 209008
493 209008
494 209008
495 209008
496 209008
497 209008
498 209008
499 209008
500 209008
501 209008
502 209008
503 209008
504 209008
505 209008
506 209008
507 209008
508 209008
509 209008
510 209008
511 209008
512 209008
513 209008
514 209008
515 209008
516 209008
517 209008
518 209008
519 209008
520 209008
521 209008
522 209008
523 209008
524 209008
525 209008
526 209008
527 209008
528 209008
529 209008
530 209008
531 209008
532 209008
533 209008
534 209008
535 209008
536 209008
537 209008
538 209008
539 209008
540 209008
541 209008
542 209008
543 209008
544 209008
545 209008
546 209008
547 209008
548 209008
549 209008
550 209008
551 209008
552 209008
553 209008
554 209008
555 209008
556 209008
557 209008
558 209008
559 209008
560 209008
561 209008
562 209008
563 209008
564 209008
565 209008
566 209008
567 209008
568 209008
569 209008
570 209008
571 209008
572 209008
573 209008
574 209008
575 209008
576 209008
577 209008
578 209008
579 209008
580 209008
581 209008
582 209008
583 209008
584 209008
585 209008
586 209008
587 209008
588 209008
589 209008
