1 80320
2 80320
3 80320
4 80320
5 80320
6 80320
7 80320
8 80320
9 80320
10 80320
11 80320
12 80320
13 80320
14 80320
15 80320
16 80320
17 80320
18 80320
19 80320
20 80320
21 80320
22 80320
23 80320
24 80320
25 80320
26 80320
27 80320
28 80320
29 80320
30 80320
31 80320
32 80320
33 80320
34 80320
35 80320
36 80320
37 80320
38 80320
39 80320
40 80320
41 80320
42 80320
43 80320
44 80320
45 80320
46 80320
47 80320
48 80320
49 80320
50 80320
51 80320
52 80320
53 80320
54 80320
55 80320
56 80320
57 80320
58 80320
59 80320
60 80320
61 80320
62 80320
63 80320
64 80320
65 80320
66 80320
67 80320
68 80320
69 80320
70 80320
71 80320
72 80320
73 80320
74 80320
75 80320
76 80320
77 80320
78 80320
79 80320
80 80320
81 80320
82 80320
83 80320
84 80320
85 80320
86 80320
87 80320
88 80320
89 80320
90 80320
91 80320
92 80320
93 80320
94 80320
95 80320
96 80320
97 80320
98 80320
99 80320
100 80320
101 80320
102 80320
103 80320
104 80320
105 80320
106 80320
107 80320
108 80320
109 80320
110 80320
111 80320
112 80320
113 80320
114 80320
115 80320
116 80320
117 80320
118 80320
119 80320
120 80320
121 80320
122 80320
123 80320
124 80320
125 80320
126 80320
127 80320
128 80320
129 80320
130 80320
131 80320
132 80320
133 80320
134 80320
135 80320
136 80320
137 80320
138 80320
139 80320
140 80320
141 80320
142 80320
143 80320
144 80320
145 80320
146 80320
147 80320
148 80320
149 80320
150 80320
151 80320
152 80320
153 80320
154 80320
155 80320
156 80320
157 80320
158 80320
159 80320
160 80320
161 80320
162 80320
163 80320
164 80320
165 80320
166 80320
167 80320
168 80320
169 80320
170 80320
171 80320
172 80320
173 80320
174 80320
175 80320
176 80320
177 80320
178 80320
179 80320
180 80320
181 80320
182 80320
183 80320
184 80320
185 80320
186 80320
187 80320
188 80320
189 80320
190 80320
191 80320
192 80320
193 80320
194 80320
195 80320
196 80320
197 80320
198 80320
199 80320
200 80320
201 80320
202 80320
203 80320
204 80320
205 80320
206 80320
207 80320
208 80320
209 80320
210 80320
211 80320
212 80320
213 80320
214 80320
215 80320
216 80320
217 80320
218 80320
219 80320
220 80320
221 80320
222 80320
223 80320
224 80320
225 80320
226 80320
227 80320
228 80320
229 80320
230 80320
231 80320
232 80320
233 80320
234 80320
235 80320
236 80320
237 80320
238 80320
239 80320
240 80320
241 80320
242 80320
243 80320
244 80320
245 80320
246 80320
247 80320
248 80320
249 80320
250 83424
251 91616
252 96680
253 98720
254 98720
255 98720
256 98720
257 98720
258 98720
259 98720
260 98720
261 98720
262 98720
263 98720
264 98720
265 98720
266 98720
267 98720
268 98720
269 98720
270 98720
271 98720
272 98720
273 98720
274 98720
275 98720
276 98720
277 98720
278 98720
279 98720
280 98720
281 98720
282 98720
283 98720
284 98720
285 98720
286 98720
287 98720
288 98720
289 98720
290 98720
291 98840
292 98840
293 98840
294 98840
295 98840
296 98840
297 98840
298 107032
299 109080
300 109080
301 109080
302 109080
303 109080
304 118296
305 118296
306 118296
307 122364
308 122364
309 122364
310 122364
311 122364
312 122364
313 122364
314 122364
315 122364
316 122364
317 122364
318 122364
319 122364
320 122364
321 122364
322 122364
323 122364
324 122364
325 122364
326 122364
327 122364
328 122364
329 122364
330 122364
331 122364
332 122364
333 122364
334 122364
335 122364
336 122364
337 131580
338 134652
339 134772
340 135796
341 135796
342 135796
343 135796
344 135796
345 136820
346 137836
347 137836
348 137836
349 137836
350 137836
351 137836
352 137836
353 137836
354 137836
355 138860
356 138860
357 138860
358 138860
359 138860
360 138860
361 138860
362 142956
363 142956
364 142956
365 142956
366 142956
367 142956
368 144976
369 144976
370 144976
371 148020
372 149044
373 150068
374 150068
375 150068
376 150068
377 150068
378 151084
379 151212
380 151212
381 151212
382 151212
383 159404
384 160428
385 160428
386 164268
387 164268
388 164268
389 164268
390 164268
391 164268
392 164268
393 164268
394 164268
395 164268
396 160428
397 160428
398 160428
399 160428
400 160428
401 160428
402 160428
403 160428
404 160428
405 160428
406 160428
407 160428
408 160428
409 160428
410 160428
411 160428
412 160428
413 160428
414 160428
415 160428
416 160428
417 160428
418 160428
419 160428
420 160428
421 160428
422 160428
423 160428
424 160428
425 160428
426 160428
427 160428
428 160428
429 160428
430 160428
431 160428
432 160428
433 160428
434 160428
435 160428
436 160428
437 160428
438 160428
439 160428
440 160428
441 160428
442 160428
443 160428
444 160428
445 160428
446 160428
447 160428
448 160428
449 160428
450 160428
451 160428
452 160428
453 160428
454 160428
455 160428
456 160428
457 160428
458 160428
459 160428
460 160428
461 160428
462 160428
463 160428
464 160428
465 160428
466 160428
467 160428
468 160428
469 160428
470 160428
471 160428
472 160428
473 160428
474 160428
475 160428
476 160428
477 160428
478 160428
479 160428
480 160428
481 160428
482 160428
483 160428
484 160428
485 160428
486 160428
487 160428
488 160428
489 160428
490 160428
491 160428
492 160428
493 160428
494 160428
495 160428
496 160428
497 160428
498 160428
499 160428
500 160428
501 160428
502 160428
503 160428
504 160428
505 160428
506 160428
507 160428
508 160428
509 160428
510 160428
511 160428
512 160428
513 160428
514 160428
515 160428
516 160428
517 160428
518 160428
519 160428
520 160428
521 160428
522 160428
523 160428
524 160428
525 160428
526 160428
527 160428
528 160428
529 160428
530 160428
531 160428
532 160428
533 160428
534 160428
535 160428
536 160428
537 160428
538 160428
539 160428
540 160428
541 160428
542 160428
543 160428
544 160428
545 160428
546 160428
547 160428
548 160428
549 160428
550 160428
551 160428
552 160428
553 160428
554 160428
555 160428
556 160428
557 160428
558 160428
559 160428
560 160428
561 160428
562 160428
563 160428
564 160428
565 160428
566 160428
567 160428
568 160428
569 160428
570 160428
571 160428
572 160428
573 160428
574 160428
575 160428
576 160428
577 160428
578 160428
579 160428
580 160428
581 160428
582 160428
583 160428
584 160428
585 160428
586 160428
587 160428
588 160428
589 160428
590 160428
591 160428
592 160428
593 160428
594 160428
595 160428
596 160428
597 160428
598 160428
599 160428
600 160428
601 160428
602 160428
603 160428
604 160428
605 160428
606 160428
607 160428
608 160428
609 160428
610 160428
611 160428
612 160428
613 160428
614 160428
615 160428
616 160428
617 160428
618 160428
619 160428
620 160428
621 160428
622 160428
623 160428
624 160428
625 160428
626 160428
627 160428
628 160428
629 160428
630 160428
631 160428
632 160428
633 160428
634 160428
635 160428
636 160428
637 160428
638 160428
639 160428
640 160428
641 160428
642 160428
643 160428
644 160428
645 160428
646 160428
647 160428
648 160428
649 160428
650 160428
651 160428
652 160428
653 160428
654 160428
655 160428
656 160428
657 160428
658 160428
659 160428
660 160428
661 160428
662 160428
663 160428
664 160428
665 160428
666 160428
667 160428
668 160428
669 160428
670 160428
671 160428
672 160428
673 160428
674 160428
675 160428
676 160428
677 160428
678 160428
679 160428
680 160428
681 160428
682 160428
683 160428
684 160428
685 160428
686 160428
687 160428
688 160428
689 160428
690 160428
691 160428
692 160428
693 160428
694 160428
695 160428
696 160428
697 160428
698 160428
699 160428
700 160428
701 160428
702 160428
703 160428
704 160428
705 160428
706 160428
707 160428
708 160428
709 160428
710 160428
711 160428
712 160428
713 160428
714 160428
715 160428
716 160428
717 160428
718 160428
719 160428
720 160428
721 160428
722 160428
723 160428
724 160428
725 160428
726 160428
727 160428
728 160428
729 160428
730 160428
731 160428
732 160428
733 160428
734 160428
735 160428
736 160428
737 160428
738 160428
739 160428
740 160428
741 160428
742 160428
743 160428
744 160428
745 160428
746 160428
747 160428
748 160428
749 160428
750 160428
751 160428
752 160428
753 160428
754 160428
755 160428
756 160428
757 160428
758 160428
759 160428
760 160428
761 160428
762 160428
763 160428
764 160428
765 160428
766 160428
767 160428
768 160428
769 160428
770 160428
771 160428
772 160428
773 160428
774 160428
775 160428
776 160428
777 160428
778 160428
779 160428
780 160428
781 160428
782 160428
783 160428
784 160428
785 160428
786 160428
787 160428
788 160428
789 160428
790 160428
791 160428
792 160428
793 160428
794 160428
795 160428
796 160428
797 160428
798 160428
799 160428
800 160428
801 160428
802 160428
803 160428
804 160428
805 160428
806 160428
807 160428
808 160428
809 160428
810 160428
811 160428
812 160428
813 160428
814 160428
815 160428
816 160428
817 160428
818 160428
819 160428
820 160428
821 160428
822 160428
823 160428
824 160428
825 160428
826 160428
827 160428
828 160428
829 160428
830 160428
831 160428
832 160428
833 160428
834 160428
835 160428
836 160428
837 160428
838 160428
839 160428
840 160428
841 160428
842 160428
843 160428
844 160428
845 160428
846 160428
847 160428
848 160428
849 160428
850 160428
851 160428
852 160428
853 160428
854 160428
855 160428
856 160428
857 160428
858 160428
859 160428
860 160428
861 160428
862 160428
863 160428
864 160428
865 160428
866 160428
867 160428
868 160428
869 160428
870 160428
871 160428
872 160428
873 160428
874 160428
875 160428
876 160428
877 160428
878 160428
879 160428
880 160428
881 160428
882 160428
883 160428
884 160428
885 160428
886 160428
887 160428
888 160428
889 160428
890 160428
891 160428
892 160428
893 160428
894 160428
895 160428
896 160428
897 160428
898 160428
899 160428
900 160428
901 160428
902 160428
903 160428
904 160428
905 160428
906 160428
907 160428
908 160428
909 160428
910 160428
911 160428
912 160428
913 160428
914 160428
915 160428
916 160428
917 160428
918 160428
919 160428
920 160428
921 160428
922 160428
923 160428
924 160428
925 160428
926 160428
927 160428
928 160428
929 160428
930 160428
931 160428
932 160428
933 160428
934 160428
935 160428
936 160428
937 160428
938 160428
939 160428
940 160428
941 160428
942 160428
943 160428
944 160428
945 160428
946 160428
947 160428
948 160428
949 160428
950 160428
951 160428
952 160428
953 160428
954 160428
955 160428
956 160428
957 160428
958 160428
959 160428
960 160428
961 160428
962 160428
963 160428
964 160428
965 160428
966 160428
967 160428
968 160428
969 160428
970 160428
971 160428
972 160428
973 160428
974 160428
975 160428
976 160428
977 160428
978 160428
979 160428
980 160428
981 160428
982 160428
983 160428
984 160428
985 160428
986 160428
987 160428
988 160428
989 160428
990 160428
991 160428
992 160428
993 160428
994 160428
995 160428
996 160428
997 160428
998 160428
999 160428
1000 160428
1001 160428
1002 160428
1003 160428
1004 160428
1005 160428
1006 160428
1007 160428
1008 160428
1009 160428
1010 160428
1011 160428
1012 160428
1013 160428
1014 160428
1015 160428
1016 160428
1017 160428
1018 160428
1019 160428
1020 160428
1021 160428
1022 160428
1023 160428
1024 160428
1025 160428
1026 160428
1027 160428
1028 160428
1029 160428
1030 160428
1031 160428
1032 160428
1033 160428
1034 160428
1035 160428
1036 160428
1037 160428
1038 160428
1039 160428
1040 160428
1041 160428
1042 160428
1043 160428
1044 160428
1045 160428
1046 160428
1047 160428
1048 160428
1049 160428
1050 160428
1051 160428
1052 160428
1053 160428
1054 160428
1055 160428
1056 160428
1057 160428
1058 160428
1059 160428
1060 160428
1061 160428
1062 160428
1063 160428
1064 160428
1065 160428
1066 160428
1067 160428
1068 160428
1069 160428
1070 160428
1071 160428
1072 160428
1073 160428
1074 160428
1075 160428
1076 160428
1077 160428
1078 160428
1079 160428
1080 160428
1081 160428
1082 160428
1083 160428
1084 160428
1085 160428
1086 160428
1087 160428
1088 160428
1089 160428
1090 160428
1091 160428
1092 160428
1093 160428
1094 160428
1095 160428
1096 160428
1097 160428
