1 80320
2 80320
3 80320
4 80320
5 80320
6 80320
7 80320
8 80320
9 80320
10 80320
11 80320
12 80320
13 80320
14 80320
15 80320
16 80320
17 80320
18 80320
19 80320
20 80320
21 80320
22 80320
23 80320
24 80320
25 80320
26 80320
27 80320
28 80320
29 80320
30 80320
31 80320
32 80320
33 80320
34 80320
35 80320
36 80320
37 80320
38 80320
39 80320
40 80320
41 80320
42 80320
43 80320
44 80320
45 80320
46 80320
47 80320
48 80320
49 80320
50 80320
51 80320
52 80320
53 80320
54 80320
55 80320
56 80320
57 80320
58 80320
59 80320
60 80320
61 80320
62 80320
63 80320
64 80320
65 80320
66 80320
67 80320
68 80320
69 80320
70 80320
71 80320
72 80320
73 80320
74 80320
75 80320
76 80320
77 80320
78 80320
79 80320
80 80320
81 80320
82 80320
83 80320
84 80320
85 80320
86 80320
87 80320
88 80320
89 80320
90 80320
91 80320
92 80320
93 80320
94 80320
95 80320
96 80320
97 80320
98 80320
99 80320
100 80320
101 80320
102 80320
103 80320
104 80320
105 80320
106 80320
107 80320
108 80320
109 80320
110 80320
111 80320
112 80320
113 80320
114 80320
115 80320
116 80320
117 80320
118 80320
119 80320
120 80320
121 80320
122 80320
123 80320
124 80320
125 80320
126 80320
127 80320
128 80320
129 80320
130 80320
131 80320
132 80320
133 80320
134 80320
135 80320
136 80320
137 80320
138 80320
139 80320
140 80320
141 80320
142 80320
143 80320
144 80320
145 80320
146 80320
147 80320
148 80320
149 80320
150 80320
151 80320
152 80320
153 80320
154 80320
155 80320
156 80320
157 80320
158 80320
159 80320
160 80320
161 80320
162 80320
163 80320
164 80320
165 80320
166 80320
167 80320
168 80320
169 80320
170 80320
171 80320
172 80320
173 80320
174 80320
175 80320
176 80320
177 80320
178 80320
179 80320
180 80320
181 80320
182 80320
183 80320
184 80320
185 80320
186 80320
187 80320
188 80320
189 80320
190 80320
191 80320
192 80320
193 80320
194 80320
195 80320
196 80320
197 80320
198 80320
199 80320
200 80320
201 80320
202 80320
203 80320
204 80320
205 80320
206 80320
207 80320
208 80320
209 80320
210 80320
211 80320
212 80320
213 80320
214 80320
215 80320
216 80320
217 80320
218 80320
219 80320
220 80320
221 80320
222 80320
223 80320
224 80320
225 80320
226 80320
227 80320
228 80320
229 80320
230 80320
231 80320
232 80320
233 80320
234 80320
235 80320
236 80320
237 80320
238 80320
239 80320
240 80320
241 80320
242 80320
243 80320
244 80320
245 80320
246 80320
247 80320
248 80320
249 80320
250 80320
251 80320
252 80320
253 80320
254 80320
255 80320
256 80320
257 80320
258 80320
259 80320
260 80320
261 80320
262 80320
263 80320
264 80320
265 80320
266 80320
267 80320
268 80320
269 80320
270 80320
271 80320
272 80320
273 80320
274 80320
275 80320
276 80320
277 80320
278 80320
279 80320
280 80320
281 80320
282 80320
283 80320
284 80320
285 80320
286 80320
287 80320
288 80320
289 83424
290 97696
291 98720
292 98720
293 98720
294 99744
295 99744
296 99744
297 99744
298 99744
299 103840
300 103840
301 103840
302 103840
303 103840
304 103840
305 103960
306 103960
307 103960
308 103960
309 107032
310 107032
311 115224
312 116248
313 117272
314 121368
315 123416
316 125464
317 126520
318 126520
319 127544
320 127544
321 127544
322 143928
323 143928
324 144952
325 144952
326 144952
327 144952
328 146096
329 146096
330 147120
331 147120
332 147120
333 147120
334 147120
335 147120
336 147120
337 147120
338 148144
339 148144
340 148144
341 148144
342 148144
343 151188
344 151188
345 151188
346 152204
347 152204
348 152204
349 152204
350 152204
351 152204
352 152204
353 152204
354 152204
355 152204
356 152324
357 152324
358 152324
359 152324
360 152324
361 152324
362 152324
363 152324
364 152324
365 157444
366 157444
367 157444
368 157444
369 157444
370 157444
371 157444
372 157444
373 157444
374 157444
375 157444
376 157444
377 157444
378 157444
379 157444
380 157444
381 157444
382 157444
383 157444
384 158468
385 158468
386 158468
387 158468
388 158468
389 158468
390 158468
391 158468
392 158468
393 158468
394 158468
395 158468
396 158468
397 158468
398 158468
399 158468
400 158468
401 158468
402 158468
403 158468
404 158468
405 158468
406 158468
407 158468
408 158468
409 158468
410 158468
411 158468
412 158468
413 158468
414 158468
415 158468
416 158468
417 158468
418 158468
419 158468
420 158468
421 158468
422 158468
423 158468
424 158468
425 158468
426 158468
427 158468
428 158468
429 158468
430 158468
431 158468
432 158468
433 158468
434 158468
435 158468
436 158468
437 158468
438 158468
439 158468
440 158468
441 158468
442 158468
443 158468
444 158468
445 158468
446 158468
447 158468
448 158468
449 158468
450 158468
451 158468
452 158468
453 158468
454 158468
455 158468
456 158468
457 158468
458 158468
459 158468
460 158468
461 158468
462 158468
463 158468
464 158468
465 158468
466 158468
467 158468
468 158468
469 158468
470 158468
471 158468
472 158468
473 158468
474 158468
475 158468
476 158468
477 158468
478 158468
479 158468
480 158468
481 158468
482 158468
483 158468
484 158468
485 158468
486 158468
487 158468
488 158468
489 158468
490 158468
491 158468
492 158468
493 158468
494 158468
495 158468
496 158468
497 158468
498 158468
499 158468
500 158468
501 158468
502 158468
503 158468
504 158468
505 158468
506 158468
507 158468
508 158468
509 158468
510 158468
511 158468
512 158468
513 158468
514 158468
515 158468
516 158468
517 158468
518 158468
519 158468
520 158468
521 158468
522 158468
523 158468
524 158468
525 158468
526 158468
527 158468
528 158468
529 158468
530 158468
531 158468
532 158468
533 158468
534 158468
535 158468
536 158468
537 158468
538 158468
539 158468
540 158468
541 158468
542 158468
543 158468
544 158468
545 158468
546 158468
547 158468
548 158468
549 158468
550 158468
551 158468
552 158468
553 158468
554 158468
555 158468
556 158468
557 158468
558 158468
559 158468
560 158468
561 158468
562 158468
563 158468
564 158468
565 158468
566 158468
567 158468
568 158468
569 158468
570 158468
571 158468
572 158468
573 158468
574 158468
575 158468
576 158468
577 158468
578 158468
579 158468
580 158468
581 158468
582 158468
583 158468
584 158468
585 158468
586 158468
587 158468
588 158468
589 158468
590 158468
591 158468
592 158468
593 158468
594 158468
595 158468
596 158468
597 158468
598 158468
599 158468
600 158468
601 158468
602 158468
603 158468
604 158468
605 158468
606 158468
607 158468
608 158468
609 158468
610 158468
611 158468
612 158468
613 158468
614 158468
615 158468
616 158468
617 158468
618 158468
619 158468
620 158468
621 158468
622 158468
623 158468
624 158468
625 158468
626 158468
627 158468
628 158468
629 158468
630 158468
631 158468
632 158468
633 158468
634 158468
635 158468
636 158468
637 158468
638 158468
639 158468
640 158468
641 158468
642 158468
643 158468
644 158468
645 158468
646 158468
647 158468
648 158468
649 158468
650 158468
651 158468
652 158468
653 158468
654 158468
655 158468
656 158468
657 158468
658 158468
659 158468
660 158468
661 158468
662 158468
663 158468
664 158468
665 158468
666 158468
667 158468
668 158468
669 158468
670 158468
671 158468
672 158468
673 158468
674 158468
675 158468
676 158468
677 158468
678 158468
679 158468
680 158468
681 158468
682 158468
683 158468
684 158468
685 158468
686 158468
687 158468
688 158468
689 158468
690 158468
691 158468
692 158468
693 158468
694 158468
695 158468
696 158468
697 158468
698 158468
699 158468
700 158468
701 158468
702 158468
703 158468
704 158468
705 158468
706 158468
707 158468
708 158468
709 158468
710 158468
711 158468
712 158468
713 158468
714 158468
715 158468
716 158468
717 158468
718 158468
719 158468
720 158468
721 158468
722 158468
723 158468
724 158468
725 158468
726 158468
727 158468
728 158468
729 158468
730 158468
731 158468
732 158468
733 158468
734 158468
735 158468
736 158468
737 158468
738 158468
739 158468
740 158468
741 158468
742 158468
743 158468
744 158468
745 158468
746 158468
747 158468
748 158468
749 158468
750 158468
751 158468
752 158468
753 158468
754 158468
755 158468
756 158468
757 158468
758 158468
759 158468
760 158468
761 158468
762 158468
763 158468
764 158468
765 158468
766 158468
767 158468
768 158468
769 158468
770 158468
771 158468
772 158468
773 158468
774 158468
775 158468
776 158468
777 158468
778 158468
779 158468
780 158468
781 158468
782 158468
783 158468
784 158468
785 158468
786 158468
787 158468
788 158468
789 158468
790 158468
791 158468
792 158468
793 158468
794 158468
795 158468
796 158468
797 158468
798 158468
799 158468
800 158468
801 158468
802 158468
803 158468
804 158468
805 158468
806 158468
807 158468
808 158468
809 158468
810 158468
811 158468
812 158468
813 158468
814 158468
815 158468
816 158468
817 158468
818 158468
819 158468
820 158468
821 158468
822 158468
823 158468
824 158468
825 158468
826 158468
827 158468
828 158468
829 158468
830 158468
831 158468
832 158468
833 158468
834 158468
835 158468
836 158468
837 158468
838 158468
839 158468
840 158468
841 158468
842 158468
843 158468
844 158468
845 158468
846 158468
847 158468
848 158468
849 158468
850 158468
851 158468
852 158468
853 158468
854 158468
855 158468
856 158468
857 158468
858 158468
859 158468
860 158468
861 158468
862 158468
863 158468
864 158468
865 158468
866 158468
867 158468
868 158468
869 158468
870 158468
871 158468
872 158468
873 158468
874 158468
875 158468
876 158468
877 158468
878 158468
879 158468
880 158468
881 158468
882 158468
883 158468
884 158468
885 158468
886 158468
887 158468
888 158468
889 158468
890 158468
891 158468
892 158468
893 158468
894 158468
895 158468
896 158468
897 158468
898 158468
899 158468
900 158468
901 158468
902 158468
903 158468
904 158468
905 158468
906 158468
907 158468
908 158468
909 158468
910 158468
911 158468
912 158468
913 158468
914 158468
915 158468
916 158468
917 158468
918 158468
919 158468
920 158468
921 158468
922 158468
923 158468
924 158468
925 158468
926 158468
927 158468
928 158468
929 158468
930 158468
931 158468
932 158468
933 158468
934 158468
935 158468
936 158468
937 158468
938 158468
939 158468
940 158468
941 158468
942 158468
943 158468
944 158468
945 158468
946 158468
947 158468
948 158468
949 158468
950 158468
951 158468
952 158468
953 158468
954 158468
955 158468
956 158468
957 158468
958 158468
959 158468
960 158468
961 158468
962 158468
963 158468
964 158468
965 158468
966 158468
967 158468
968 158468
969 158468
970 158468
971 158468
972 158468
973 158468
974 158468
975 158468
976 158468
977 158468
978 158468
979 158468
980 158468
981 158468
982 158468
983 158468
984 158468
985 158468
986 158468
987 158468
988 158468
989 158468
990 158468
991 158468
992 158468
993 158468
994 158468
995 158468
996 158468
997 158468
998 158468
999 158468
1000 158468
1001 158468
1002 158468
1003 158468
1004 158468
1005 158468
1006 158468
1007 158468
1008 158468
1009 158468
1010 158468
1011 158468
1012 158468
1013 158468
1014 158468
1015 158468
1016 158468
1017 158468
1018 158468
1019 158468
1020 158468
1021 158468
1022 158468
1023 158468
1024 158468
1025 158468
1026 158468
1027 158468
1028 158468
1029 158468
1030 158468
1031 158468
1032 158468
1033 158468
1034 158468
1035 158468
1036 158468
1037 158468
1038 158468
1039 158468
1040 158468
1041 158468
1042 158468
1043 158468
1044 158468
1045 158468
1046 158468
1047 158468
1048 158468
1049 158468
1050 158468
1051 158468
1052 158468
1053 158468
1054 158468
1055 158468
1056 158468
1057 158468
1058 158468
1059 158468
1060 158468
1061 158468
1062 158468
1063 158468
1064 158468
1065 158468
1066 158468
1067 158468
1068 158468
1069 158468
1070 158468
1071 158468
1072 158468
1073 158468
1074 158468
1075 158468
1076 158468
1077 158468
1078 158468
1079 158468
1080 158468
1081 158468
1082 158468
1083 158468
1084 158468
1085 158468
1086 158468
