1 94680
2 97724
3 98748
4 98748
5 98748
6 98748
7 98748
8 98748
9 98748
10 98748
11 98748
12 98748
13 98748
14 98748
15 98748
16 98748
17 98748
18 98748
19 98748
20 98748
21 98748
22 98748
23 98748
24 98748
25 98748
26 98748
27 98748
28 98748
29 98748
30 98748
31 98748
32 98748
33 98748
34 98748
35 98748
36 98748
37 98748
38 98748
39 98748
40 98748
41 98748
42 98748
43 98748
44 98748
45 98748
46 98748
47 98748
48 98748
49 98748
50 98748
51 98748
52 98748
53 98748
54 98748
55 98748
56 98748
57 98748
58 98748
59 98748
60 98748
61 98748
62 98748
63 98748
64 98748
65 98748
66 98748
67 98748
68 98748
69 98748
70 98748
71 98748
72 98748
73 98748
74 98748
75 98748
76 98748
77 98748
78 98748
79 98748
80 98748
81 98748
82 98748
83 98748
84 98748
85 98748
86 98748
87 98748
88 98748
89 98748
90 98748
91 98748
92 98748
93 98748
94 98748
95 98748
96 98748
97 98748
98 98748
99 98748
100 98748
101 98748
102 98748
103 98748
104 98748
105 98748
106 98748
107 98748
108 98748
109 98748
110 98748
111 98748
112 98748
113 98748
114 98748
115 98748
116 98748
117 98748
118 98748
119 98748
120 98748
121 98748
122 98748
123 98748
124 98748
125 98748
126 98748
127 98748
128 98748
129 98748
130 98748
131 98748
132 98748
133 98748
134 98748
135 98748
136 98748
137 98748
138 98748
139 98748
140 98748
141 98748
142 98748
143 98748
144 98748
145 98748
146 98748
147 98748
148 98748
149 98748
150 98748
151 98748
152 98748
153 98748
154 98748
155 98748
156 98748
157 98748
158 98748
159 98748
160 98748
161 98748
162 98748
163 98748
164 98748
165 98748
166 98748
167 98748
168 98748
169 98748
170 98748
171 98748
172 98748
173 98748
174 98748
175 98748
176 98748
177 98748
178 98748
179 98748
180 98748
181 98748
182 98748
183 98748
184 98748
185 98748
186 98748
187 98748
188 98748
189 98748
190 98748
191 98748
192 98748
193 98748
194 98748
195 98748
196 98748
197 98748
198 98748
199 98748
200 98748
201 98748
202 98748
203 98748
204 98748
205 98748
206 98748
207 98748
208 98748
209 98748
210 98748
211 98748
212 98748
213 98748
214 98748
215 98748
216 98748
217 98748
218 98748
219 98748
220 98748
221 98748
222 98748
223 98748
224 98748
225 98748
226 98748
227 98748
228 98748
229 98748
230 98748
231 98748
232 98748
233 98748
234 98748
235 98748
236 98748
237 98748
238 98748
239 98748
240 98748
241 98748
242 98748
243 98748
244 98748
245 98748
246 98748
247 98748
248 98748
249 98748
250 98748
251 98748
252 98748
253 98748
254 98748
255 98748
256 98748
257 98748
258 98748
259 98748
