0 81376
1 93656
2 93656
3 97752
4 100796
5 100796
6 113056
7 113056
8 118176
9 118176
10 118176
11 118176
12 118176
13 118176
14 118176
15 118176
16 118176
17 118176
18 118176
19 118176
20 118176
21 118176
22 118176
23 118176
24 118176
25 118176
26 118176
27 118176
28 118176
29 118176
30 118176
31 118176
32 118176
33 118176
34 118176
35 118176
36 118176
37 118176
38 118176
39 118176
40 118176
41 118176
42 118176
43 118176
44 118176
45 118176
46 118176
47 118176
48 118176
49 118176
50 118176
51 118176
52 118176
53 118176
54 118296
55 118296
56 118296
57 118296
58 118296
59 118296
60 118296
61 118296
62 118296
63 118296
64 118296
65 118296
66 118296
67 118296
68 118296
69 118296
70 118296
71 120316
72 120316
73 120316
74 120316
75 120316
76 120316
77 120316
78 120316
79 120316
80 120316
81 120316
82 120316
83 120316
84 120316
85 120316
86 120316
87 120316
88 128508
89 130556
90 130556
91 131580
92 131580
93 141680
94 141680
95 141680
96 141680
97 141680
98 141680
99 141680
100 141680
101 141680
102 141680
103 141680
104 141680
105 141680
106 143728
107 143728
108 143728
109 143728
110 143728
111 143728
112 143728
113 143728
114 143728
115 143728
116 143728
117 143728
118 144752
119 153968
120 155112
121 156136
122 156136
123 156256
124 156256
125 156256
126 156136
127 156136
128 156136
129 156136
130 156136
131 156136
132 156136
133 156136
134 156136
135 157160
136 157160
137 157160
138 157280
139 157280
140 157280
141 157280
142 157280
143 157280
144 157280
145 157280
146 157280
147 157280
148 157280
149 157280
150 157280
151 157280
152 157280
153 157280
154 157280
155 157280
156 161376
157 161376
158 161376
159 163416
160 164440
161 166460
162 167484
163 189756
164 189756
165 189756
166 185916