0 80320
1 81344
2 93604
3 97664
4 98688
5 98688
6 98688
7 98688
8 98688
9 98688
10 98688
11 98688
12 98688
13 98688
14 98688
15 98688
16 98688
17 98688
18 98688
19 98688
20 98688
21 98688
22 98688
23 98688
24 98688
25 98688
26 98688
27 98688
28 98688
29 98688
30 98688
31 98688
32 98688
33 98688
34 98688
35 98688
36 98688
37 98688
38 98688
39 98688
40 98688
41 98688
42 98688
43 98688
44 98688
45 98688
46 98688
47 98688
48 98688
49 98808
50 98808
51 98808
52 98808
53 98808
54 98808
55 98808
56 98808
57 98808
58 107000
59 108024
60 109048
61 109048
62 109048
63 109048
64 109048
65 109048
66 109048
67 109048
68 109048
69 109048
70 109048
71 109048
72 109048
73 109048
74 109048
75 109048
76 109048
77 109048
78 110072
79 111096
80 111096
81 112120
82 112120
83 112120
84 112120
85 112120
86 114168
87 114168
88 114168
89 114168
90 114168
91 114168
92 114168
93 114168
94 114168
95 114168
96 114168
97 114168
98 114168
99 114168
100 114168
101 114168
102 114168
103 114168
104 114168
105 114168
106 114168
107 114168
108 114168
109 114168
110 114168
111 114168
112 114168
113 114168
114 114168
115 114168
116 114168
117 114168
118 114168
119 114168
120 114168
121 114168
122 114168
123 114168
124 114168
125 114168
126 114168
127 116216
128 116216
129 116216
130 116216
131 116216
132 124408
133 124408
134 124408
135 124408
136 125432
137 125432
138 125432
139 125432
140 127096
141 127096
142 127096
143 126576
144 126576
145 126576
146 126576
147 126576
148 126576
149 126576
150 126576
151 126576
152 126576
153 126576
154 126576
155 126576
156 126576
157 126576
158 126576
159 126576
160 126576
161 126576
162 126576
163 126576
164 126576
165 126576
166 126576
167 126576
168 126576
169 126576
170 126576
171 126576
172 126576
173 126576
174 126576
175 126576
176 126576
177 126576
178 126576
179 126576
180 126576
181 126576
182 126576
183 128596
184 128596
185 128596
186 128596
187 128596
188 128716
189 128716
190 128716
191 128716
192 128716
193 128716
194 128716
195 128716
196 128716
197 128716
198 128716
199 128716
200 128716
201 128716
202 128716
203 128716
204 128716
205 128716
206 128716
207 128716
208 128716
209 128716
210 128716
211 128716
212 128716
213 128716
214 128716
215 128716
216 128716
217 128716
218 128716
219 129740
220 129740
221 129740
222 129740
223 129740
224 129740
225 129740
226 129740
227 129740
228 129740
229 129740
230 129740
231 129740
232 129740
233 129740
234 129740
235 129740
236 130764
237 130764
238 130764
239 130764
240 130764
241 130764
242 131004
243 131004
244 131004
245 131004
246 131004
247 131004
248 131004
249 131004
250 131004
251 131004
252 131004
253 131004
254 132028
255 132028
256 132028
257 132028
258 132028
259 132028
260 132028
261 132028
262 132028
263 140220
264 145340
265 145340
266 145340
267 145340
268 145340
269 145340
270 145340
271 145340
272 147360
273 147360
274 147360
275 148376
276 148376
277 148376
278 148376
279 148376
280 148376
281 148376
282 150396
283 150396
284 150396
285 150396
286 150396
287 150396
288 150396
289 150396
290 150396
291 150396
292 150396
293 150396
294 150396
295 150396
296 150396
297 150396
298 150396
299 150396
300 150396
301 150396
302 150396
303 150396
304 150396
305 150396
306 150396
307 150396
308 150396
309 150396
310 150396
311 150396
312 150396
313 150396
314 150396
315 150396
316 150396
317 150396
318 150396
319 150396
320 150396
321 150396
322 150396
323 150396
324 150396
325 150396
326 150396
327 150396
328 150396
329 150396
330 150396
331 150396
332 150396
333 150396
334 150396
335 150396
336 151420
337 151420
338 151420
339 151420
340 151420
341 151420
342 151420
343 151420
344 151420
345 151420
346 151420
347 151420
348 151420
349 151420
350 151420
351 151420
352 151420
353 151420
354 151420
355 151420
356 151420
357 151420
358 151420
359 151420
360 151420
361 151420
362 151420
363 151420
364 151420
365 151420
366 151420
367 151420
368 151420
369 151300
370 151300
371 151300
372 151300
373 151300
374 151300
375 151300
376 151300
377 151300
378 151300
379 151300
380 151300
381 151300
382 151300
383 151300
384 151300
385 151300
386 151300
387 151300
388 151300
389 151300
390 151300
391 151300
392 151300
393 151300
394 151300
395 151300
396 151300
397 151300
398 151300
399 151300
400 151300
401 151300
402 151300
403 151300
404 151300
405 151300
406 151300
407 151300
408 151300
409 151300
410 151300
411 151300
412 151300
413 151300
414 151300
415 151300
416 151300
417 151300
418 151300
419 151300
420 151300
421 151300
422 151300
423 151300
424 151300
425 151300
426 151300
427 151300
428 151300
429 151300
430 151300
431 152324
432 152324
433 152324
434 152324
435 152324
436 152324
437 152324
438 152324
439 152324
440 152324
441 152324
442 152324
443 152324
444 152324
445 152324
446 152324
447 152324
448 152324
449 152324
450 152324
451 152324
452 152324
453 152324
454 152324
455 152324
456 152324
457 152324
458 152324
459 152324
460 152324
461 152324
462 152324
463 152324
464 152324
465 152324
466 152324
467 152324
468 152324
469 152324
470 152324
471 152324
472 152324
473 152324
474 152324
475 152324
476 152324
477 152324
478 152324
479 152324
480 152324
481 152324
482 152324
483 152324
484 153348