0 80320
1 83424
2 97696
3 98720
4 98720
5 98720
6 99744
7 99744
8 99744
9 99744
10 99744
11 103840
12 103840
13 103840
14 103840
15 103840
16 103840
17 103960
18 103960
19 103960
20 103960
21 107032
22 107032
23 115224
24 116248
25 117272
26 121368
27 123416
28 125464
29 126520
30 126520
31 127544
32 127544
33 127544
34 143928
35 143928
36 144952
37 144952
38 144952
39 144952
40 146096
41 146096
42 147120
43 147120
44 147120
45 147120
46 147120
47 147120
48 147120
49 147120
50 148144
51 148144
52 148144
53 148144
54 148144
55 151188
56 151188
57 151188
58 152204
59 152204
60 152204
61 152204
62 152204
63 152204
64 152204
65 152204
66 152204
67 152204
68 152324
69 152324
70 152324
71 152324
72 152324
73 152324
74 152324
75 152324
76 152324
77 157444
78 157444
79 157444
80 157444
81 157444
82 157444
83 157444
84 157444
85 157444
86 157444
87 157444
88 157444
89 157444
90 157444
91 157444
92 157444
93 157444
94 157444
95 157444
96 158468