0 80352
1 83424
2 94660
3 97696
4 98720
5 98720
6 98720
7 99744
8 99744
9 99744
10 99744
11 99744
12 99744
13 99744
14 99744
15 102816
16 103840
17 103840
18 103840
19 103840
20 103960
21 103960
22 103960
23 103960
24 103960
25 103960
26 107032
27 107032
28 115224
29 115224
30 118296
31 118296
32 119320
33 120344
34 122392
35 125496
36 126520
37 126520
38 127544
39 127544
40 127544
41 127544
42 144952
43 144952
44 144952
45 144952
46 144952
47 146096
48 146096
49 146096
50 146096
51 146096
52 147120
53 147120
54 147120
55 147120
56 147120
57 147120
58 147120
59 147120
60 147120
61 147120
62 148144
63 148144
64 148144
65 148144
66 148144
67 148144
68 148144
69 149168
70 149168
71 159380
72 160516
73 160516
74 160516
75 160516
76 160516
77 160516
78 160516
79 160516
80 161540
81 161540
82 165636
83 165636
84 165636
85 165636
86 165636
87 165636
88 165636
89 165636
90 165636
91 165636
92 165636
93 165636
94 165636
95 166660