0 80320
1 83424
2 94660
3 95676
4 96700
5 96700
6 96700
7 96700
8 96700
9 96700
10 96700
11 96700
12 96700
13 96700
14 96700
15 96700
16 96700
17 96700
18 96700
19 96700
20 96700
21 96700
22 96700
23 96700
24 96700
25 96700
26 96700
27 96700
28 96700
29 96700
30 96700
31 96700
32 96700
33 96700
34 96700
35 96700
36 96700
37 96700
38 96700
39 96700
40 96700
41 96700
42 96700
43 96700
44 96700
45 96700
46 96700
47 96700
48 96700
49 96700
50 96700
51 96700
52 96700
53 96700
54 96700
55 96700
56 96700
57 96700
58 96700
59 96700
60 96700
61 96700
62 96700
63 96700
64 96700
65 98720
66 98720
67 98720
68 98720
69 98720
70 98720
71 98720
72 98720
73 98720
74 100352
75 100352
76 98840
77 98840
78 98840
79 98840
80 100944
81 100944
82 100944
83 107032
84 108056
85 110076
86 110076
87 110076
88 110076
89 110076
90 110076
91 110076
92 110076
93 110076
94 110076
95 110076
96 110076
97 110076
98 110076
99 110076
100 110076
101 110076
102 111100
103 113120
104 114144
105 114144
106 115168
107 115168
108 119264
109 119264
110 119264
111 119264
112 121312
113 121312
114 121312
115 121312
116 121312
117 121312
118 121312
119 122336
120 122336
121 122336
122 122336
123 122336
124 122336
125 122336
126 123360
127 123360
128 131552
129 131552
130 131552
131 131552
132 131552
133 132576
134 132576
135 132576
136 133600
137 134616
138 134616
139 134616
140 135640
141 135640
142 135640
143 135640
144 135640
145 135640
146 135640
147 135640
148 135640
149 135640
150 136664
151 136664
152 136664
153 144856
154 144856
155 145880
156 145880
157 145880
158 149976
159 149976
160 149976
161 149976
162 149976
163 149976
164 149976
165 149976
166 149976
167 149976
168 149976
169 149976
170 149976
171 149976
172 149976
173 149976
174 149976
175 149976
176 149976
177 149976
178 149976
179 149976
180 149976
181 149976
182 149976
183 149976
184 149976
185 149976
186 149976
187 149976
188 149976
189 149976
190 149976
191 149976
192 149976
193 149976
194 149976
195 149976
196 149976
197 149976
198 149976
199 149976
200 149976
201 149976
202 149976
203 149976
204 149976
205 149976
206 149976
207 149976
208 149976
209 149976
210 149976
211 149976
212 149976
213 149976
214 149976
215 149976
216 149976
217 149976
218 149976
219 149976
220 149976
221 149976
222 149976
223 149976
224 149976
225 149976
226 149976
227 149976
228 149976
229 149976
230 149976
231 149976
232 149976
233 149976
234 149976
235 149976
236 149976
237 149976
238 149976
239 149976
240 149976
241 149976
242 149976
243 149976
244 149976
245 149976
246 149976
247 149976
248 149976
249 149976
250 149976
251 149976
252 149976
253 149976
254 149976
255 149976
256 149976
257 149976
258 149976
259 149976
260 149976
261 149976
262 149976
263 149976
264 149976
265 149976
266 149976
267 149976
268 149976
269 149976
270 149976
271 149976
272 149976
273 149976
274 150096
275 150096
276 150096
277 150096
278 150096
279 150096
280 150096
281 150096
282 150096
283 150096
284 150096
285 150096
286 150096
287 150096
288 150096
289 150096
290 150096
291 150096
292 150096
293 150096
294 150096
295 150096
296 150096
297 150096
298 150096
299 150096
300 150096
301 150096
302 150096
303 150096
304 150096
305 150096
306 150096
307 150096
308 150096
309 150096
310 150096
311 150096
312 150096
313 150096
314 150096
315 150096
316 150096
317 150096
318 150096
319 150096
320 150096
321 150096
322 150096
323 150096
324 150096
325 150096
326 150096
327 150096
328 150096
329 150096
330 150096
331 150096
332 150096
333 150096
334 150096
335 150096
336 150096
337 150096
338 150096
339 150096
340 150096
341 150096
342 150096
343 150096
344 150096
345 150096
346 150096
347 150096
348 150096
349 150096
350 150096
351 150096
352 150096
353 150096
354 150096
355 150096
356 150096
357 150096
358 150096
359 150096
360 150096
361 150096
362 150096
363 150096
364 150096
365 150096
366 150096
367 150096
368 150096
369 150096
370 150096
371 150096
372 150096
373 150096
374 150096
375 150096
376 150096
377 150096
378 150096
379 150096
380 150096
381 150096
382 150096
383 150096
384 150096
385 150096
386 150096
387 150096
388 150096
389 150096
390 150096
391 150096
392 150096
393 150096
394 150096
395 150096
396 150096
397 151120