0 80320
1 83392
2 96648
3 97664
4 98688
5 98688
6 98688
7 98688
8 99712
9 99712
10 99712
11 99712
12 99712
13 99712
14 99712
15 99832
16 102936
17 103960
18 103960
19 103960
20 103960
21 103960
22 103960
23 103960
24 103960
25 103960
26 107032
27 107032
28 115224
29 116248
30 118296
31 119320
32 120344
33 121368
34 122392
35 125464
36 126488
37 126488
38 127512
39 127512
40 127512
41 127512
42 127512
43 143896
44 144920
45 144920
46 144920
47 146064
48 146064
49 147088
50 147088
51 147088
52 147088
53 147088
54 147088
55 147088
56 147088
57 147088
58 147088
59 147088
60 148112
61 148112
62 148112
63 148112
64 148112
65 148112
66 148112
67 149136
68 149136
69 149136
70 150152
71 150152
72 150152
73 150152
74 150152
75 150152
76 150152
77 152172
78 152172
79 152172
80 152172
81 152172
82 152172
83 156268
84 157292
85 157292
86 157292
87 157292
88 157292
89 157292
90 157292
91 157292
92 157292
93 157292
94 157292
95 157292
96 157292
97 157292
98 158316
99 158316
100 158316
101 158316
102 158316
103 158316
104 158316
105 158316
106 158316
107 158316
108 158316
109 158436