0 81136
1 81376
2 81376
3 81376
4 81376
5 81376
6 81376
7 81376
8 81376
9 81376
10 81376
11 81376
12 81376
13 81376
14 81376
15 81376
16 81376
17 81376
18 81376
19 81376
20 81376
21 81376
22 81376
23 81376
24 81376
25 81376
26 81376
27 81376
28 81376
29 81376
30 81376
31 81376
32 81376
33 81376
34 81376
35 81376
36 81376
37 81376
38 81376
39 81376
40 81376
41 81376
42 81376
43 81376
44 81376
45 81376
46 81376
47 81376
48 81376
49 81376
50 81376
51 89568
52 91616
53 93656
54 93656
55 93656
56 93656
57 93656
58 93656
59 93656
60 94680
61 97752
62 97752
63 101820
64 101820
65 101820
66 103840
67 103840
68 103840
69 103840
70 103840
71 104864
72 106912
73 107936
74 107936
75 107936
76 107936
77 107936
78 107936
79 107936
80 107936
81 107936
82 108056
83 109080
84 109080
85 109080
86 109080
87 109080
88 109080
89 109080
90 109080
91 109080
92 109080
93 109080
94 109080
95 109080
96 109080
97 109080
98 109080
99 109080
100 109080
101 109080
102 109080
103 109080
104 109080
105 109080
106 109080
107 109080
108 109080
109 109080
110 109080
111 109080
112 109080
113 109080
114 109080
115 109080
116 109080
117 109080
118 109080
119 109080
120 109080
121 109080
122 109080
123 109080
124 109080
125 109080
126 109080
127 109080
128 109080
129 109080
130 109080
131 109080
132 109080
133 109080
134 109080
135 109080
136 109080
137 109080
138 109080
139 109080
140 109080
141 109080
142 109080
143 109080
144 109080
145 109080
146 109080
147 109080
148 109080
149 109080
150 109080
151 109080
152 117272
153 117272
154 117272
155 125464
156 130584
157 132632
158 134712
159 136760
160 137784
161 137784
162 137784
163 140848
164 140848
165 140848
166 149040
167 149040
168 149040
169 149168
170 154288
171 154288
172 154288
173 154288
174 154288
175 154288
176 154288
177 154288
178 154288
179 154288
180 154288
181 154288
182 154288
183 155312
184 155312
185 155312
186 155312
187 155312
188 156328
189 156328
190 156328
191 156328
192 156328
193 156328
194 156328
195 156328
196 156328
197 156328
198 156328
199 156328
200 156328
201 156328
202 156328
203 156328
204 156328
205 158376
206 158376
207 158376
208 158376
209 158376
210 159400
211 159400
212 159400
213 159400
214 159520
215 159520
216 159520
217 159520
218 159520
219 160536