0 66404
1 81376
2 81376
3 81376
4 81376
5 81376
6 81376
7 81376
8 81376
9 81376
10 81376
11 81376
12 81376
13 81376
14 81376
15 81376
16 81376
17 81376
18 81376
19 81376
20 81376
21 81376
22 81376
23 81376
24 81376
25 81376
26 81376
27 81376
28 81376
29 81376
30 81376
31 81376
32 81376
33 91616
34 92640
35 93656
36 93656
37 93656
38 93656
39 93656
40 93656
41 93656
42 93656
43 94680
44 95704
45 97752
46 97752
47 97752
48 98776
49 99800
50 100824
51 102872
52 102872
53 102872
54 102872
55 103896
56 103896
57 103896
58 103896
59 107436
60 107936
61 109956
62 109956
63 109956
64 109956
65 110980
66 110980
67 110980
68 112004
69 112004
70 112004
71 112004
72 112124
73 112124
74 112124
75 112124
76 112124
77 112124
78 112124
79 114144
80 114144
81 114144
82 114144
83 114144
84 114144
85 114144
86 114144
87 114144
88 115296
89 119392
90 121368
91 123344
92 125824
93 125824
94 128792
95 130812
96 130812
97 133784
98 131836
99 132852
100 132852
101 132852
102 132852
103 133876
104 134900
105 135924
106 135924
107 135924
108 135924
109 135924
110 135924
111 135924
112 135924
113 135924
114 135924
115 135924
116 144116
117 145140
118 145140
119 145140
120 145140
121 145140
122 145140
123 145140
124 145140
125 145140
126 145140
127 146164
128 154356
129 154356
130 154356
131 154356
132 154356
133 154356
134 155372
135 163564
136 163564
137 163564
138 163564
139 163564
140 163564
141 163564
142 163564
143 163564
144 163564
145 163564
146 163564
147 163564
148 163564
149 163564
150 163564
151 164588
152 164588
153 164588
154 164588
155 164588
156 164588
157 166636
158 167660
159 168700
160 168700
161 168700
162 168700
163 168700
164 168700
165 168700
166 170764
167 170764
168 171788
169 171788
170 171788
171 171788
172 172812
173 175908
174 177956
175 180004
176 180004
177 180004
178 180004
179 180004
180 180004
181 180004
182 181028
183 184100
184 186148
185 188196
186 189220
187 190244
188 191268
189 191268
190 192292
191 192292
192 192292
193 194312
194 194312
195 194312
196 196352
197 196608
198 196608
199 205824
200 209664
201 209664
202 209664
203 209664
204 209664
205 209664
206 209664
207 209664
208 210688
209 210688
210 210688
211 210688
212 210688
213 210688
214 210688
215 210688
216 210688
217 210688
218 210688
219 211704
220 211704
221 211704
222 211704
223 211704
224 211704
225 211704
226 211704
227 212728
228 212728
229 212728
230 212728
231 212728
232 212848
233 212848
234 212848
235 212848
236 212848
237 212848
238 212848
239 213872
240 213872
241 213872
242 213872
243 213872
244 213872
245 213872
246 213872
247 213872
248 213872
249 214896
250 214896
251 214896
252 214896
253 214896
254 214896
255 214896
256 214896
257 214896
258 223088
259 219248