0 80320
1 91584
2 95644
3 95644
4 95644
5 95644
6 95644
7 96668
8 96668
9 96668
10 96668
11 96668
12 96668
13 96668
14 96668
15 96668
16 96668
17 96668
18 96668
19 96668
20 96668
21 96668
22 96668
23 96668
24 96668
25 96668
26 96668
27 96668
28 96668
29 96668
30 96668
31 96668
32 96668
33 96668
34 96668
35 96668
36 96668
37 96668
38 96668
39 96668
40 96668
41 96668
42 96668
43 96668
44 96668
45 96668
46 96668
47 96668
48 96668
49 96668
50 96668
51 96668
52 96668
53 96668
54 96668
55 96668
56 96668
57 96668
58 96668
59 96668
60 96668
61 96668
62 98688
63 98688
64 98688
65 98688
66 98688
67 98688
68 98688
69 98688
70 98688
71 100320
72 100320
73 100320
74 100912
75 100912
76 100912
77 98808
78 98808
79 100828
80 100828
81 100828
82 100828
83 100828
84 100828
85 100828
86 100828
87 100828
88 100828
89 100828
90 100828
91 100828
92 100828
93 100828
94 100828
95 100828
96 100828
97 100828
98 100828
99 100828
100 100828
101 100828
102 100828
103 111068
104 115136
105 115136
106 115136
107 116192
108 119264
109 120288
110 120288
111 120288
112 120288
113 120288
114 120288
115 122336
116 122336
117 122336
118 122336
119 122336
120 123360
121 123360
122 123360
123 123360
124 123360
125 123360
126 123360
127 123360
128 123360
129 132576
130 132576
131 132576
132 132576
133 133600
134 133600
135 134624
136 135640
137 135640
138 135640
139 135640
140 135640
141 135640
142 135640
143 135640
144 135640
145 135640
146 135640
147 136664
148 136664
149 136664
150 136664
151 136664
152 136664
153 136664
154 136664
155 140760
156 141784
157 141784
158 141784
159 141784
160 149976
161 149976
162 150096