0 66404
1 81376
2 81376
3 81376
4 81376
5 81376
6 81376
7 81376
8 81376
9 81376
10 81376
11 81376
12 81376
13 81376
14 81376
15 81376
16 81376
17 81376
18 81376
19 81376
20 81376
21 81376
22 81376
23 81376
24 81376
25 81376
26 81376
27 81376
28 81376
29 81376
30 81376
31 89568
32 91616
33 93656
34 93656
35 93656
36 93656
37 93656
38 93656
39 93656
40 94680
41 97752
42 97752
43 98776
44 100824
45 102872
46 102872
47 102872
48 103896
49 103896
50 103896
51 103896
52 103896
53 107436
54 105916
55 109956
56 109956
57 110980
58 110980
59 112004
60 112004
61 112004
62 114024
63 114144
64 114144
65 114144
66 114144
67 114144
68 114144
69 114144
70 114144
71 115168
72 115296
73 115296
74 119392
75 121368
76 127844
77 132832
78 132832
79 133856
80 134872
81 134872
82 134872
83 134872
84 134872
85 134872
86 134872
87 135896
88 136920
89 137944
90 137944
91 137944
92 137944
93 137944
94 137944
95 137944
96 137944
97 137944
98 146136
99 146136
100 147160
101 147160
102 147160
103 147160
104 147160
105 147160
106 147160
107 147160
108 147160
109 147160
110 148184
111 156376
112 156376
113 156376
114 156376
115 165584
116 165584
117 165584
118 165584
119 165584
120 165584
121 165584
122 165584
123 165584
124 165584
125 165584
126 165584
127 165584
128 165584
129 165584
130 165584
131 165584
132 166608
133 166608
134 166608
135 166608
136 167632
137 168656
138 169680
139 170720
140 170720
141 170720
142 170720
143 170720
144 170720
145 170720
146 170720
147 170720
148 171760
149 172784
150 172784
151 173808
152 173808
153 173808
154 173808
155 173808
156 174832
157 177928
158 181000
159 182024
160 182024
161 182024
162 182024
163 182024
164 182024
165 185096
166 188168
167 190216
168 193288
169 193288
170 193288
171 194312
172 194312
173 194312
174 194312
175 194312
176 194312
177 194312
178 196352
179 196352
180 196608
181 200704
182 209664
183 209664
184 209664
185 209664
186 209664
187 209664
188 209664
189 209664
190 210688
191 210688
192 210688
193 210688
194 210688
195 210688
196 210688
197 210688
198 210688
199 211704
200 211704
201 211704
202 211704
203 211704
204 212728
205 212728
206 212728
207 212728
208 212728
209 212848
210 212848
211 212848
212 221040
213 221040
214 221040
215 221040
216 221040
217 222064
218 222064
219 222064
220 222064
221 222064
222 222064
223 222064
224 222064
225 222064
226 222064
227 223088
228 223088
229 223088
230 223088
231 223088
232 223088
233 223088
234 223088
235 219248