0 80320
1 83392
2 91584
3 94628
4 97664
5 98688
6 98688
7 98688
8 99712
9 99712
10 99712
11 99712
12 99712
13 103840
14 103840
15 103840
16 103840
17 103840
18 103960
19 103960
20 103960
21 103960
22 107032
23 107032
24 115224
25 117272
26 120344
27 122392
28 124440
29 126488
30 126488
31 127512
32 127512
33 127512
34 127512
35 135704
36 143896
37 144920
38 144920
39 144920
40 144920
41 146064
42 146064
43 147088
44 147088
45 147088
46 147088
47 147088
48 147088
49 147088
50 147088
51 147088
52 147088
53 147088
54 147088
55 148112
56 148112
57 148112
58 148112
59 148112
60 148112
61 148112
62 148112
63 149136
64 157328
65 157328
66 157328
67 158344
68 158344
69 158344
70 158344
71 160364
72 160364
73 160364
74 160364
75 160364
76 160364
77 160364
78 165604
79 165604
80 165604
81 165604
82 165604
83 165604
84 165604
85 165604
86 165604
87 165604
88 165604
89 165604
90 165604
91 166628