0 80320
1 81344
2 91584
3 96648
4 98688
5 98688
6 98688
7 99712
8 99712
9 99712
10 99712
11 99832
12 99832
13 99832
14 99832
15 101880
16 102904
17 103928
18 103928
19 103928
20 103928
21 103928
22 103928
23 103928
24 103928
25 103928
26 103928
27 103928
28 115192
29 117272
30 119320
31 121368
32 122392
33 124440
34 126488
35 126488
36 127512
37 128536
38 128536
39 144920
40 144920
41 144920
42 144920
43 144920
44 146064
45 147088
46 147088
47 147088
48 147088
49 147088
50 147088
51 147088
52 147088
53 147088
54 147088
55 147088
56 147088
57 147088
58 147088
59 147088
60 148112
61 148112
62 148112
63 148112
64 148112
65 149136
66 151156
67 159348
68 159348
69 160364
70 160364
71 160484
72 160484
73 160484
74 160484
75 160484
76 160484
77 160484
78 160484
79 160484
80 161508
81 161508
82 161508
83 165604
84 165604
85 165604
86 165604
87 165604
88 165604
89 165604
90 165604
91 165604
92 165604
93 166628
94 166628
95 167532