0 80320
1 83392
2 96648
3 97664
4 98688
5 98688
6 98688
7 99712
8 99712
9 99712
10 99712
11 99712
12 99712
13 99712
14 102784
15 103808
16 103808
17 103808
18 103928
19 103928
20 103928
21 103928
22 103928
23 107000
24 107000
25 107000
26 115192
27 115192
28 115192
29 116216
30 118264
31 120312
32 122392
33 123416
34 125464
35 126488
36 126488
37 127512
38 127512
39 143896
40 143896
41 144920
42 144920
43 144920
44 144920
45 144920
46 144920
47 146064
48 146064
49 147088
50 147088
51 147088
52 147088
53 147088
54 147088
55 147088
56 147088
57 147088
58 147088
59 147088
60 148112
61 148112
62 148112
63 148112
64 148112
65 149136
66 149136
67 149136
68 149136
69 151156
70 151156
71 151156
72 151156
73 152172
74 152172
75 152172
76 152172
77 152172
78 152172
79 152172
80 152172
81 152172
82 152172
83 152172
84 152172
85 152172
86 152172
87 152172
88 152172
89 152172
90 152172
91 152172
92 152172
93 152172
94 152172
95 152172
96 152172
97 152172
98 152172
99 152172
100 157292
101 157292
102 157292
103 157292
104 157292
105 157292
106 157292
107 157292
108 157292
109 157292
110 157292
111 157292
112 157292
113 157292
114 158316
115 158316
116 158316
117 158316
118 158316
119 158316
120 158316
121 158316
122 158316
123 158316
124 158316
125 158316
126 158316
127 158436