0 80320
1 83424
2 91616
3 96680
4 98720
5 98720
6 98720
7 98720
8 98720
9 98720
10 98720
11 98720
12 98720
13 98720
14 98720
15 98720
16 98720
17 98720
18 98720
19 98720
20 98720
21 98720
22 98720
23 98720
24 98720
25 98720
26 98720
27 98720
28 98720
29 98720
30 98720
31 98720
32 98720
33 98720
34 98720
35 98720
36 98720
37 98720
38 98720
39 98720
40 98720
41 98720
42 98840
43 98840
44 98840
45 98840
46 98840
47 98840
48 98840
49 107032
50 109080
51 109080
52 109080
53 109080
54 109080
55 118296
56 118296
57 118296
58 122364
59 122364
60 122364
61 122364
62 122364
63 122364
64 122364
65 122364
66 122364
67 122364
68 122364
69 122364
70 122364
71 122364
72 122364
73 122364
74 122364
75 122364
76 122364
77 122364
78 122364
79 122364
80 122364
81 122364
82 122364
83 122364
84 122364
85 122364
86 122364
87 122364
88 131580
89 134652
90 134772
91 135796
92 135796
93 135796
94 135796
95 135796
96 136820
97 137836
98 137836
99 137836
100 137836
101 137836
102 137836
103 137836
104 137836
105 137836
106 138860
107 138860
108 138860
109 138860
110 138860
111 138860
112 138860
113 142956
114 142956
115 142956
116 142956
117 142956
118 142956
119 144976
120 144976
121 144976
122 148020
123 149044
124 150068
125 150068
126 150068
127 150068
128 150068
129 151084
130 151212
131 151212
132 151212
133 151212
134 159404
135 160428
136 160428
137 164268
138 164268
139 164268
140 164268
141 164268
142 164268
143 164268
144 164268
145 164268
146 164268
147 160428