0 80320
1 95624
2 96648
3 97664
4 97664
5 98688
6 98688
7 98688
8 98688
9 98688
10 98688
11 98688
12 98688
13 98688
14 98688
15 98688
16 98688
17 98688
18 98688
19 98688
20 98688
21 98688
22 98688
23 98688
24 98688
25 98688
26 98688
27 98688
28 98688
29 98688
30 98688
31 98688
32 98688
33 98688
34 98688
35 98688
36 98688
37 98688
38 98688
39 98688
40 98688
41 98688
42 98688
43 98688
44 98688
45 98688
46 98688
47 98688
48 98808
49 100320
50 100320
51 98808
52 100912
53 100912
54 100912
55 100912
56 107000
57 107000
58 110044
59 110044
60 110044
61 110044
62 110044
63 110044
64 110044
65 110044
66 110044
67 110044
68 110044
69 110044
70 110044
71 110044
72 110044
73 110044
74 111068
75 113088
76 114112
77 115136
78 117216
79 119264
80 119264
81 119264
82 121312
83 121312
84 121312
85 121312
86 121312
87 121312
88 122336
89 122336
90 122336
91 122336
92 122336
93 122336
94 123360
95 123360
96 132576
97 132576
98 132576
99 132576
100 132576
101 134624
102 135640
103 135640
104 135640
105 135640
106 135640
107 135640
108 135640
109 135640
110 135640
111 136664
112 136664
113 136664
114 136664
115 136664
116 136664
117 136664
118 136664
119 141784
120 141784
121 141784
122 141784
123 149976
124 149976
125 149976
126 149976
127 149976
128 149976
129 149976
130 149976
131 149976
132 149976
133 149976
134 149976
135 149976
136 149976
137 149976
138 149976
139 149976
140 149976
141 149976
142 149976
143 149976
144 149976
145 149976
146 149976
147 149976
148 149976
149 149976
150 149976
151 149976
152 149976
153 149976
154 149976
155 149976
156 149976
157 149976
158 149976
159 149976
160 149976
161 149976
162 149976
163 149976
164 149976
165 149976
166 149976
167 149976
168 149976
169 149976
170 149976
171 149976
172 149976
173 149976
174 149976
175 149976
176 149976
177 149976
178 149976
179 149976
180 149976
181 149976
182 149976
183 149976
184 149976
185 149976
186 149976
187 150096