0 66404
1 81136
2 81376
3 81376
4 81376
5 81376
6 81376
7 81376
8 81376
9 81376
10 81376
11 81376
12 81376
13 81376
14 81376
15 81376
16 81376
17 81376
18 81376
19 81376
20 81376
21 81376
22 81376
23 81376
24 81376
25 81376
26 81376
27 81376
28 81376
29 81376
30 81376
31 81376
32 81376
33 81376
34 81376
35 81376
36 81376
37 81376
38 81376
39 81376
40 81376
41 81376
42 81376
43 89568
44 92640
45 93656
46 93656
47 93656
48 93656
49 94680
50 95704
51 97752
52 97752
53 99800
54 101820
55 103840
56 103840
57 103840
58 103840
59 103840
60 103840
61 103840
62 106912
63 107936
64 107936
65 107936
66 107936
67 107936
68 107936
69 107936
70 107936
71 107936
72 107936
73 109080
74 109080
75 109080
76 117272
77 117272
78 125464
79 126488
80 129560
81 132632
82 133688
83 135736
84 137784
85 137784
86 137784
87 137784
88 140848
89 140848
90 140848
91 140848
92 149040
93 149040
94 149040
95 149040
96 149168
97 149168
98 154288
99 154288
100 154288
101 154288
102 154288
103 154288
104 154288
105 154288
106 154288
107 155312
108 155312
109 155312
110 155312
111 156328
112 156328
113 156328
114 156328
115 156328
116 156328
117 156328
118 156328
119 156328
120 156328
121 156328
122 156328
123 156328
124 156328
125 156328
126 156328
127 157352
128 157352
129 157352
130 157352
131 157352
132 158376
133 158376
134 158376
135 158376
136 158376
137 159400
138 159400
139 159400
140 159400
141 159400
142 159400
143 159400
144 159400
145 159400
146 159520
147 159520
148 159520
149 159520
150 159520
151 159520
152 160536