0 80320
1 83392
2 94628
3 98688
4 98688
5 99712
6 99712
7 99712
8 99712
9 99712
10 99712
11 99712
12 102784
13 103808
14 103808
15 103808
16 103808
17 103808
18 103808
19 103928
20 103928
21 103928
22 103928
23 103928
24 115192
25 115192
26 116216
27 119320
28 121368
29 123416
30 126488
31 126488
32 126488
33 127512
34 127512
35 127512
36 127512
37 135704
38 144920
39 144920
40 144920
41 144920
42 144920
43 146064
44 146064
45 146064
46 147088
47 147088
48 147088
49 147088
50 147088
51 147088
52 147088
53 147088
54 147088
55 147088
56 147088
57 148112
58 148112
59 148112
60 148112
61 149136
62 149136
63 151156
64 151156
65 151156
66 151156
67 152172
68 152172
69 152172
70 152172
71 152172
72 152172
73 152172
74 152172
75 152172
76 152172
77 152172
78 152172
79 152172
80 152172
81 152172
82 157292
83 157292
84 157292
85 157292
86 157292
87 157292
88 157292
89 157292
90 157292
91 157292
92 157292
93 157292
94 158316
95 158316
96 158316
97 158316
98 158316
99 158316
100 158316
101 158316
102 158316
103 158316
104 158316
105 158316
106 158436