0 81376
1 89568
2 91616
3 91616
4 93656
5 93656
6 93656
7 94680
8 97752
9 97752
10 100796
11 100796
12 100796
13 100796
14 100796
15 100796
16 100796
17 100796
18 100796
19 102844
20 111036
21 113056
22 113056
23 113056
24 113056
25 118176
26 118176
27 118176
28 118176
29 118176
30 118176
31 118176
32 118176
33 118176
34 118176
35 118176
36 118176
37 118176
38 118176
39 118176
40 118176
41 118176
42 118176
43 118176
44 118176
45 118176
46 118176
47 118176
48 118176
49 118176
50 118176
51 118176
52 118176
53 118176
54 118176
55 118176
56 118176
57 118176
58 118176
59 118176
60 118176
61 118176
62 118176
63 118176
64 118176
65 118176
66 118176
67 118176
68 118176
69 118176
70 118176
71 118176
72 118176
73 118176
74 118176
75 118176
76 118176
77 118176
78 118176
79 118176
80 118176
81 118176
82 118176
83 118176
84 118176
85 118176
86 118176
87 118176
88 118176
89 118176
90 118176
91 118176
92 118176
93 118176
94 118176
95 118176
96 118176
97 118176
98 118176
99 118176
100 118176
101 118176
102 118176
103 118176
104 118176
105 118176
106 118176
107 118176
108 118176
109 118176
110 118176
111 118176
112 118176
113 118176
114 118176
115 118176
116 118176
117 118176
118 118176
119 118176
120 118176
121 118176
122 118176
123 118176
124 118176
125 118176
126 118176
127 118176
128 118176
129 118176
130 118176
131 118176
132 118176
133 118176
134 118176
135 118176
136 118176
137 118176
138 118176
139 118176
140 118176
141 118176
142 118176
143 118176
144 118176
145 118176
146 118176
147 118176
148 118176
149 118176
150 118176
151 118176
152 118176
153 118176
154 118176
155 118176
156 118176
157 118176
158 118176
159 118176
160 118176
161 118176
162 118176
163 118176
164 118176
165 118176
166 118176
167 118176
168 118176
169 118176
170 118176
171 118176
172 118176
173 118176
174 118176
175 118176
176 118176
177 118176
178 118176
179 118176
180 118176
181 118176
182 118176
183 118176
184 118176
185 118176
186 118176
187 118176
188 118176
189 118176
190 118176
191 118176
192 118176
193 118296
194 118296
195 118296
196 118296
197 118296
198 118296
199 118296
200 118296
201 118296
202 118296
203 118296
204 118296
205 118296
206 118296
207 118296
208 118296
209 118296
210 118296
211 118296
212 118296
213 118296
214 118296
215 118296
216 118296
217 118296
218 118296
219 118296
220 118296
221 118296
222 118296
223 118296
224 118296
225 118296
226 118296
227 118296
228 118296
229 118296
230 118296
231 118296
232 118296
233 118296
234 118296
235 118296
236 118296
237 118296
238 118296
239 118296
240 118296
241 118296
242 118296
243 118296
244 118296
245 118296
246 118296
247 118296
248 118296
249 118296
250 118296
251 118296
252 120316
253 120316
254 120316
255 120316
256 120316
257 120316
258 120316
259 120316
260 120316
261 120316
262 120316
263 120316
264 120316
265 120316
266 120316
267 120316
268 120316
269 120316
270 120316
271 120316
272 120316
273 120316
274 120316
275 120316
276 120316
277 120316
278 120316
279 120316
280 120316
281 120316
282 120316
283 120316
284 120316
285 120316
286 120316
287 120316
288 120316
289 120316
290 120316
291 120316
292 120316
293 120316
294 120316
295 120316
296 120316
297 120316
298 120316
299 120316
300 120316
301 120316
302 120316
303 120316
304 120316
305 120316
306 120316
307 120316
308 120316
309 120316
310 128508
311 129532
312 129532
313 130556
314 130556
315 130556
316 130556
317 130556
318 130556
319 130556
320 132576
321 134596
322 140656
323 140656
324 140656
325 140656
326 140656
327 140656
328 140656
329 140656
330 140656
331 140656
332 140656
333 141680
334 141680
335 141680
336 141680
337 141680
338 141680
339 141680
340 141680
341 141680
342 141680
343 141680
344 141680
345 141680
346 141680
347 141680
348 141680
349 141680
350 141680
351 141680
352 141680
353 141680
354 141680
355 141680
356 141680
357 141680
358 141680
359 141680
360 141680
361 141680
362 141680
363 141680
364 141680
365 141680
366 141680
367 141680
368 141680
369 141680
370 141680
371 141680
372 141680
373 141680
374 141680
375 141680
376 141680
377 141680
378 141680
379 141680
380 141680
381 141680
382 141680
383 141680
384 141680
385 141680
386 141680
387 143728
388 143728
389 143728
390 143728
391 143728
392 143728
393 143728
394 143728
395 143728
396 143728
397 143728
398 143728
399 143728
400 143728
401 143728
402 143728
403 143728
404 143728
405 143728
406 143728
407 143728
408 143728
409 143728
410 143728
411 143728
412 143728
413 143728
414 143728
415 143728
416 143728
417 143728
418 143728
419 143728
420 143728
421 143728
422 143728
423 143728
424 143728
425 143728
426 143728
427 143728
428 143728
429 143728
430 143728
431 143728
432 143728
433 143728
434 144752
435 144752
436 146792
437 146920
438 146920
439 146920
440 147944
441 147944
442 147944
443 147944
444 147944
445 147944
446 147944
447 147944
448 147944
449 148064
450 148064
451 148064
452 148064
453 148064
454 148064
455 148064
456 148064
457 148064
458 148064
459 148064
460 148064
461 148064
462 148064
463 147944
464 147944
465 147944
466 147944
467 147944
468 147944
469 147944
470 147944
471 147944
472 147944
473 147944
474 147944
475 147944
476 147944
477 147944
478 147944
479 147944
480 147944
481 147944
482 147944
483 147944
484 147944
485 147944
486 147944
487 147944
488 147944
489 147944
490 147944
491 147944
492 147944
493 147944
494 147944
495 147944
496 147944
497 147944
498 147944
499 147944
500 147944
501 147944
502 147944
503 147944
504 147944
505 147944
506 148968
507 148968
508 148968
509 148968
510 148968
511 148968
512 148968
513 148968
514 148968
515 148968
516 148968
517 149088
518 149088
519 149088
520 149088
521 149088
522 149088
523 149088
524 149088
525 149088
526 149088
527 149088
528 149088
529 149088
530 149088
531 149088
532 149088
533 149088
534 149088
535 149088
536 149088
537 149088
538 149088
539 149088
540 149088
541 149088
542 149088
543 149088
544 149088
545 149088
546 149088
547 149088
548 149088
549 149088
550 149088
551 149088
552 149088
553 149088
554 149088
555 149088
556 149088
557 149088
558 149088
559 149088
560 149088
561 149088
562 149088
563 149088
564 149088
565 149088
566 149088
567 149088
568 149088
569 149088
570 149088
571 149088
572 149088
573 149088
574 149088
575 149088
576 149088
577 150112
578 152160
579 153184
580 153184
581 161376
582 161376
583 161376
584 161376
585 161376
586 161376
587 162392
588 163416
589 163416
590 164440
591 164440
592 164440
593 166460
594 167484
595 167484
596 167484
597 167484
598 167484
599 175676
600 189756
601 189756
602 189756
603 189756
604 189756
605 189756
606 189756
607 189756
608 189756
609 189756
610 189756
611 189756
612 185916