0 80320
1 91584
2 97664
3 97664
4 98688
5 98688
6 98688
7 98688
8 98688
9 98688
10 98688
11 98688
12 98688
13 98688
14 98688
15 98688
16 98688
17 98688
18 98688
19 98688
20 98688
21 98688
22 98688
23 98688
24 98688
25 98688
26 98688
27 98688
28 98688
29 98688
30 98688
31 98688
32 98688
33 98688
34 98688
35 98688
36 98688
37 98688
38 98688
39 98688
40 98688
41 98688
42 98688
43 98688
44 98688
45 98688
46 98688
47 98688
48 98688
49 98688
50 98688
51 98688
52 98688
53 98688
54 98688
55 98688
56 98688
57 98688
58 98688
59 98688
60 98688
61 98688
62 98688
63 98688
64 98688
65 98688
66 98688
67 98688
68 98688
69 98688
70 98808
71 100320
72 98808
73 98808
74 98808
75 98808
76 98808
77 98808
78 98808
79 98808
80 98808
81 98808
82 98808
83 98808
84 108056
85 108056
86 108056
87 108056
88 108056
89 108056
90 108056
91 108056
92 108056
93 108056
94 108056
95 108056
96 108056
97 108056
98 108056
99 108056
100 108056
101 108056
102 108056
103 108056
104 110160
105 110160
106 110160
107 110160
108 108056
109 113120
110 113120
111 113120
112 113120
113 113120
114 114144
115 114144
116 114144
117 115168
118 117216
119 118240
120 118240
121 118240
122 118240
123 120288
124 120288
125 120288
126 120288
127 120288
128 120288
129 120288
130 121312
131 121312
132 121312
133 121312
134 121312
135 121312
136 121312
137 121312
138 121312
139 121312
140 121312
141 121312
142 121312
143 121312
144 121312
145 121312
146 121312
147 121312
148 121312
149 122336
150 130528
151 131552
152 131552
153 131552
154 131552
155 133592
156 133592
157 133592
158 133592
159 134616
160 134616
161 134616
162 134616
163 134616
164 134616
165 134616
166 134616
167 134616
168 134616
169 134616
170 135640
171 135640
172 135640
173 143832
174 143832
175 143832
176 144856
177 144856
178 144856
179 144856
180 148952
181 148952
182 148952
183 148952
184 148952
185 148952
186 148952
187 148952
188 148952
189 148952
190 148952
191 148952
192 148952
193 148952
194 148952
195 148952
196 148952
197 148952
198 148952
199 148952
200 148952
201 148952
202 148952
203 148952
204 148952
205 148952
206 148952
207 148952
208 148952
209 148952
210 148952
211 148952
212 148952
213 148952
214 148952
215 148952
216 148952
217 148952
218 148952
219 148952
220 148952
221 148952
222 148952
223 148952
224 148952
225 148952
226 148952
227 148952
228 148952
229 148952
230 148952
231 148952
232 148952
233 148952
234 148952
235 148952
236 148952
237 148952
238 148952
239 148952
240 148952
241 148952
242 148952
243 148952
244 148952
245 148952
246 148952
247 148952
248 148952
249 148952
250 148952
251 148952
252 148952
253 148952
254 148952
255 148952
256 148952
257 148952
258 148952
259 148952
260 148952
261 148952
262 148952
263 148952
264 148952
265 148952
266 148952
267 148952
268 148952
269 148952
270 148952
271 148952
272 148952
273 148952
274 148952
275 148952
276 148952
277 148952
278 148952
279 148952
280 148952
281 148952
282 148952
283 148952
284 148952
285 148952
286 148952
287 148952
288 148952
289 148952
290 148952
291 148952
292 149072
293 149072
294 149072
295 149072
296 149072
297 149072
298 149072
299 149072
300 149072
301 149072
302 149072
303 149072
304 149072
305 149072
306 149072
307 149072
308 149072
309 149072
310 149072
311 149072
312 149072
313 149072
314 149072
315 149072
316 149072
317 149072
318 149072
319 149072
320 149072
321 149072
322 149072
323 149072
324 149072
325 149072
326 149072
327 149072
328 149072
329 149072
330 149072
331 149072
332 149072
333 149072
334 149072
335 149072
336 149072
337 149072
338 149072
339 149072
340 149072
341 149072
342 149072
343 149072
344 149072
345 149072
346 149072
347 149072
348 149072
349 149072
350 149072
351 149072
352 149072
353 149072
354 149072
355 149072
356 149072
357 149072
358 149072
359 149072
360 149072
361 149072
362 149072
363 149072
364 149072
365 149072
366 149072
367 149072
368 149072
369 149072
370 149072
371 149072
372 149072
373 149072
374 149072
375 149072
376 149072
377 149072
378 149072
379 149072
380 149072
381 149072
382 149072
383 149072
384 149072
385 149072
386 149072
387 149072
388 149072
389 149072
390 149072
391 149072
392 149072
393 149072
394 149072
395 149072
396 149072
397 149072
398 149072
399 149072
400 149072
401 149072
402 149072
403 149072
404 149072
405 149072
406 149072
407 149072
408 149072
409 149072
410 149072
411 149072
412 149072
413 149072
414 149072
415 149072
416 149072
417 149072
418 149072
419 150096