0 81376
1 99772
2 100796
3 118176
4 118176
5 118176
6 118176
7 118176
8 118176
9 118176
10 118176
11 118176
12 118176
13 118176
14 118176
15 118176
16 118176
17 118176
18 118176
19 118176
20 118176
21 118176
22 118176
23 118176
24 118176
25 118176
26 118176
27 118176
28 118176
29 118296
30 118296
31 120316
32 120316
33 120316
34 120316
35 120316
36 120316
37 120316
38 120316
39 120316
40 120316
41 120316
42 120316
43 120316
44 120316
45 120316
46 120316
47 120316
48 130556
49 140656
50 140656
51 141680
52 141680
53 141680
54 141680
55 141680
56 141680
57 141680
58 141680
59 141680
60 141680
61 141680
62 143728
63 143728
64 143728
65 143728
66 143728
67 143728
68 143728
69 143728
70 143728
71 143728
72 143728
73 143728
74 143728
75 143728
76 143728
77 143728
78 143728
79 143728
80 143728
81 143728
82 143728
83 143728
84 143728
85 143728
86 143728
87 143728
88 143728
89 143728
90 143728
91 143728
92 143728
93 143728
94 143728
95 143728
96 143728
97 143728
98 143728
99 143728
100 143728
101 143728
102 143728
103 143728
104 143728
105 143728
106 143728
107 143728
108 143728
109 143728
110 143728
111 143728
112 144752
113 145776
114 146800
115 147944
116 147944
117 148968
118 148968
119 148968
120 149992
121 149992
122 149992
123 150112
124 150112
125 150112
126 150112
127 150112
128 150112
129 150112
130 150112
131 150112
132 150112
133 150112
134 150112
135 150112
136 150112
137 151136
138 151136
139 151136
140 151136
141 151136
142 151136
143 151136
144 151016
145 151016
146 151016
147 151016
148 151016
149 151016
150 151016
151 151016
152 151016
153 151016
154 151016
155 151016
156 151016
157 151016
158 151016
159 151016
160 151016
161 151016
162 151016
163 151016
164 151016
165 151016
166 151016
167 151016
168 151016
169 151016
170 151016
171 151016
172 151016
173 151016
174 151016
175 151016
176 151016
177 151016
178 151016
179 151016
180 151016
181 151016
182 151016
183 151016
184 151016
185 151016
186 151016
187 151016
188 151016
189 151016
190 151016
191 151016
192 151016
193 151016
194 151016
195 151016
196 151016
197 151016
198 151016
199 151016
200 151016
201 151016
202 151016
203 151016
204 151016
205 151016
206 151016
207 151016
208 151016
209 151016
210 151016
211 151016
212 151016
213 151016
214 151016
215 151016
216 151016
217 151016
218 151016
219 151016
220 151016
221 151016
222 151016
223 151016
224 151016
225 151016
226 151016
227 151016
228 151016
229 151016
230 151016
231 151016
232 151016
233 151016
234 151136
235 152160
236 153184
237 153184
238 153184
239 153184
240 154200
241 154200
242 154200
243 154200
244 155224
245 156248
246 156248
247 156248
248 164440
249 166460
250 167484
251 167484
252 167484
253 167484
254 167484
255 175676
256 189756
257 189756
258 189756
259 189756
260 189756
261 189756
262 189756
263 189756
264 189756
265 185916