0 80320
1 83392
2 94628
3 97664
4 98688
5 98688
6 99712
7 99712
8 99712
9 99712
10 99712
11 99712
12 99712
13 101760
14 103808
15 103808
16 103808
17 103928
18 103928
19 103928
20 103928
21 103928
22 103928
23 107000
24 107000
25 115192
26 115192
27 116216
28 119320
29 120344
30 121368
31 122392
32 123416
33 124440
34 126488
35 126488
36 126488
37 126488
38 127512
39 128536
40 128536
41 144920
42 144920
43 144920
44 144920
45 144920
46 144920
47 146064
48 146064
49 146064
50 147088
51 147088
52 147088
53 147088
54 147088
55 147088
56 147088
57 147088
58 147088
59 147088
60 147088
61 148112
62 148112
63 148112
64 148112
65 148112
66 148112
67 149136
68 149136
69 149136
70 151156
71 159348
72 159348
73 159348
74 160364
75 160364
76 160364
77 160364
78 160364
79 160364
80 160364
81 160364
82 160364
83 160364
84 160364
85 160364
86 160364
87 160364
88 160364
89 160364
90 160364
91 160364
92 160364
93 165484
94 165484
95 165484
96 165484
97 165484
98 165484
99 165484
100 165484
101 165484
102 165484
103 165484
104 165484
105 165484
106 165484
107 165484
108 165484
109 165484
110 165484
111 165484
112 165484
113 166508
114 166508
115 166508
116 166508
117 166508
118 166508
119 166508
120 166508
121 166508
122 166508
123 166508
124 166508
125 166628