0 80320
1 83364
2 85412
3 97664
4 97664
5 98688
6 98688
7 99712
8 99712
9 99712
10 99712
11 99712
12 99712
13 99712
14 99712
15 99712
16 99712
17 99712
18 99712
19 99712
20 101760
21 101760
22 101760
23 101760
24 101760
25 101760
26 101760
27 101760
28 101760
29 101760
30 101760
31 101760
32 101760
33 101760
34 101760
35 101760
36 101760
37 101760
38 101760
39 101760
40 101760
41 101760
42 101760
43 101760
44 101760
45 101760
46 101760
47 101760
48 101760
49 101760
50 101760
51 101760
52 101760
53 101760
54 101760
55 101760
