1 96668
2 96668
3 96668
4 96668
5 96668
6 96668
7 96668
8 96668
9 96668
10 96668
11 96668
12 96668
13 96668
14 96668
15 96668
16 96668
17 96668
18 96668
19 96668
20 96668
21 96668
22 96668
23 96668
24 96668
25 96668
26 96668
27 96668
28 96668
29 96668
30 96668
31 96668
32 96668
33 96668
34 96668
35 96668
36 96668
37 96668
38 96668
39 96668
40 96668
41 96668
42 96668
43 96668
44 96668
45 96668
46 96668
47 96668
48 96668
49 96668
50 96668
51 96668
52 96668
53 96668
54 96668
55 96668
56 96668
57 96668
58 96668
59 96668
60 96668
61 96668
62 96668
63 96668
64 96668
65 96668
66 96668
67 96668
68 96668
69 96668
70 96668
71 96668
72 96668
73 96668
74 96668
75 96668
76 96668
77 96668
78 96668
79 96668
80 96668
81 96668
82 96668
83 96668
84 96668
85 96668
86 96668
87 96668
88 96668
89 96668
90 96668
91 96668
92 96668
93 96668
94 96668
95 96668
96 96668
97 96668
98 96668
99 96668
100 96668
101 96668
102 96668
103 96668
104 96668
105 96668
106 96668
107 96668
108 96668
109 96668
110 96668
111 96668
112 96668
113 96668
114 96668
115 96668
116 96668
117 96668
118 96668
119 96668
120 96668
121 96668
122 96668
123 96668
124 96668
125 96668
126 96668
127 96668
128 96668
129 96668
130 96668
131 96668
132 96668
133 96668
134 96668
135 96668
136 96668
137 96668
138 96668
139 96668
140 96668
141 96668
142 96668
143 96668
144 96668
145 96668
146 96668
147 96668
148 96668
149 96668
150 96668
151 96668
152 96668
153 96668
154 96668
155 96668
156 96668
157 96668
158 96668
159 96668
160 96668
161 96668
162 96668
163 96668
164 96668
165 96668
166 96668
167 96668
168 96668
169 96668
170 96668
171 96668
172 96668
173 96668
174 96668
175 96668
176 96668
177 96668
178 96668
179 96668
180 96668
181 96668
182 96668
183 96668
184 96668
185 96668
186 96668
187 96668
188 96668
189 96668
190 96668
191 96668
192 96668
193 96668
194 96668
195 96668
196 96668
197 96668
198 96668
199 96668
200 96668
201 96668
202 96668
203 96668
204 96668
205 96668
206 96668
207 96668
208 96668
209 96668
210 96668
211 96668
212 96668
213 96668
214 96668
215 96668
216 96668
217 96668
218 96668
219 96668
220 96668
221 96668
222 96668
223 96668
224 96668
225 96668
226 96668
227 96668
228 96668
229 96668
230 96668
231 96668
232 96668
233 96668
234 96668
235 96668
236 96668
237 96668
238 96668
239 96668
240 96668
241 96668
242 96668
243 96668
244 96668
245 96668
246 96668
247 96668
248 96668
249 96668
250 96668
251 96668
252 96668
253 96668
254 96668
255 96668
256 96668
257 96668
258 96668
259 96668
260 96668
261 96668
262 96668
263 96668
264 96668
265 96668
266 96668
267 96668
268 96668
269 96668
270 96668
271 96668
272 96668
273 96668
274 96668
275 96668
276 96668
277 96668
278 96668
279 96668
280 96668
281 96668
282 96668
283 96668
284 96668
285 96668
286 96668
287 96668
288 96668
289 96668
290 96668
291 96668
292 96668
293 96668
294 96668
295 96668
296 96668
297 96668
298 96668
299 96668
300 96668
301 96668
302 96668
303 96668
304 96668
305 96668
306 96668
307 96668
308 96668
309 96668
310 96668
311 96668
312 96668
313 96668
314 96668
315 96668
316 96668
317 96668
318 96668
319 96668
320 96668
321 96668
322 96668
323 96668
324 96668
325 96668
326 96668
327 96668
328 96668
329 96668
330 96668
331 96668
332 96668
333 96668
334 96668
335 96668
336 96668
337 96668
338 96668
339 96668
340 96668
341 96668
342 96668
343 96668
344 96668
345 96668
346 96668
347 96668
348 96668
349 96668
350 96668
351 96668
352 96668
353 96668
354 96668
355 96668
356 96668
357 96668
358 96668
359 96668
360 96668
361 96668
362 96668
363 96668
364 96668
365 96668
366 96668
367 96668
368 96668
369 96668
370 96668
371 96668
372 96668
373 96668
374 96668
375 96668
376 96668
377 96668
378 96668
379 96668
380 96668
381 96668
382 96668
383 96668
384 96668
385 96668
386 96668
387 96668
388 96668
389 96668
390 96668
391 96668
392 96668
393 96668
394 96668
395 96668
396 96668
397 96668
398 96668
399 96668
400 96668
401 96668
402 96668
403 96668
404 96668
405 96668
406 96668
407 96668
408 96668
409 96668
410 96668
411 96668
412 96668
413 96668
414 96668
415 96668
416 96668
417 96668
418 96668
419 96668
420 96668
421 96668
422 96668
423 96668
424 96668
425 96668
426 96668
427 96668
428 96668
429 96668
430 96668
431 96668
432 96668
433 96668
434 96668
435 96668
436 96668
437 96668
438 96668
439 96668
440 96668
441 96668
442 96668
443 96668
444 96668
445 96668
446 96668
447 96668
448 96668
449 96668
450 96668
451 96668
452 96668
453 96668
454 96668
455 96668
456 96668
457 96668
458 96668
459 96668
460 96668
461 96668
462 96668
463 96668
464 96668
465 96668
466 96668
467 96668
468 96668
469 96668
470 96668
471 96668
472 96668
473 96668
474 96668
475 96668
476 96668
477 96668
478 96668
479 96668
480 96668
481 96668
482 96668
483 96668
484 96668
485 96668
486 96668
487 96668
488 96668
489 96668
490 96668
491 96668
492 96668
493 96668
494 96668
495 96668
496 96668
497 96668
498 96668
499 96668
500 96668
501 96668
502 96668
503 96668
504 96668
505 96668
506 96668
507 96668
508 96668
509 96668
510 96668
511 96668
512 96668
513 96668
514 96668
515 96668
516 96668
517 96668
518 96668
519 96668
520 96668
521 96668
522 96668
523 96668
524 96668
525 96668
526 96668
527 96668
528 96668
529 96668
530 96668
531 96668
532 96668
533 96668
534 96668
535 96668
536 96668
537 96668
538 96668
539 96668
540 96668
541 96668
542 96668
543 96668
544 96668
545 96668
546 96668
547 96668
548 96668
549 96668
550 96668
551 96668
552 96668
553 96668
554 96668
555 96668
556 96668
557 96668
558 96668
559 96668
560 96668
561 96668
562 96668
563 96668
564 96668
565 96668
566 96668
567 96668
568 96668
569 96668
570 96668
571 96668
572 96668
573 96668
574 96668
575 96668
576 96668
577 96668
578 96668
579 96668
580 96668
581 96668
582 96668
583 96668
584 96668
585 96668
586 96668
587 96668
588 96668
589 96668
590 96668
591 96668
592 96668
593 96668
594 96668
595 96668
596 96668
597 96668
598 96668
599 96668
600 96668
601 96668
602 96668
603 96668
604 96668
605 96668
606 96668
607 96668
608 96668
609 96668
610 96668
611 96668
612 96668
613 96668
614 96668
615 96668
616 96668
617 96668
618 96668
619 96668
620 96668
621 96668
622 96668
623 96668
624 96668
625 97288
