1 80352
2 80352
3 80352
4 80352
5 80352
6 80352
7 80352
8 80352
9 80352
10 80352
11 80352
12 80352
13 80352
14 80352
15 80352
16 80352
17 80352
18 80352
19 80352
20 80352
21 80352
22 80352
23 80352
24 80352
25 80352
26 80352
27 80352
28 80352
29 80352
30 80352
31 80352
32 80352
33 80352
34 80352
35 80352
36 80352
37 80352
38 80352
39 80352
40 80352
41 80352
42 80352
43 80352
44 80352
45 80352
46 80352
47 80352
48 80352
49 80352
50 80352
51 80352
52 80352
53 80352
54 80352
55 80352
56 80352
57 80352
58 80352
59 80352
60 80352
61 80352
62 80352
63 80352
64 80352
65 80352
66 80352
67 80352
68 80352
69 80352
70 80352
71 80352
72 80352
73 80352
74 80352
75 80352
76 80352
77 80352
78 80352
79 80352
80 80352
81 80352
82 80352
83 80352
84 80352
85 80352
86 80352
87 80352
88 80352
89 80352
90 80352
91 80352
92 80352
93 80352
94 80352
95 80352
96 80352
97 80352
98 80352
99 80352
100 80352
101 80352
102 80352
103 80352
104 80352
105 80352
106 80352
107 80352
108 80352
109 80352
110 80352
111 80352
112 80352
113 80352
114 80352
115 80352
116 80352
117 80352
118 80352
119 80352
120 80352
121 80352
122 80352
123 80352
124 80352
125 80352
126 80352
127 80352
128 80352
129 80352
130 80352
131 80352
132 80352
133 80352
134 80352
135 80352
136 80352
137 80352
138 80352
139 80352
140 80352
141 80352
142 83396
143 84420
144 95656
145 97696
146 97696
147 98720
148 98720
149 99744
150 99744
151 99744
152 99744
153 99744
154 99744
155 99744
156 99744
157 99744
158 99744
159 99744
160 99744
161 99744
